-19.4903689016 
-36.4041319254 
-51.2122570268 
-64.2781894510 
-75.8869781402 
-86.2653224450 
-95.5957285693 
-104.0267233809 
-111.6803598247 
-118.6578204901 
-125.0436602344 
-130.9090587364 
-136.3143422110 
-141.3109585654 
-145.9430389759 
-150.2486431440 
-154.2607602337 
-158.0081193916 
-161.5158506108 
-164.8060270547 
-167.8981128028 
-170.8093346189 
-173.5549922940 
-176.1487190260 
-178.6027009303 
-180.9278629356 
-183.1340268937 
-185.2300466076 
-187.2239235971 
-189.1229067200 
-190.9335782030 
-192.6619281896 
-194.3134195454 
-195.8930443700 
-197.4053734214 
-198.8545994665 
-200.2445754065 
-201.5788478954 
-202.8606870593 
-204.0931128318 
-205.2789183453 
-206.4206907538 
-207.5208298103 
-208.5815644735 
-209.6049677850 
-210.5929702209 
-211.5473716986 
-212.4698523921 
-213.3619824922 
-214.2252310293 
-215.0609738620 
-215.8705009208 
-216.6550227887 
-217.4156766857 
-218.1535319213 
-218.8695948681 
-219.5648135051 
-220.2400815731 
-220.8962423812 
-221.5340922968 
-222.1543839502 
-222.7578291804 
-223.3451017460 
-223.9168398232 
-224.4736483095 
-225.0161009509 
-225.5447423086 
-226.0600895777 
-226.5626342728 
-227.0528437902 
-227.5311628574 
-227.9980148800 
-228.4538031933 
-228.8989122276 
-229.3337085928 
-229.7585420901 
-230.1737466555 
-230.5796412401 
-230.9765306341 
-231.3647062358 
-231.7444467725 
-232.1160189747 
-232.4796782089 
-232.8356690702 
-233.1842259391 
-233.5255735044 
-233.8599272541 
-234.1874939380 
-234.5084720018 
-234.8230519972 
-235.1314169671 
-235.4337428093 
-235.7301986199 
-236.0209470164 
-236.3061444441 
-236.5859414645 
-236.8604830283 
-237.1299087340 
-237.3943530723 
-237.6539456571 
-237.9088114448 
-238.1590709424 
-238.4048404039 
-238.6462320171 
-238.8833540813 
-239.1163111748 
-239.3452043156 
-239.5701311120 
-239.7911859082 
-240.0084599202 
-240.2220413674 
-240.4320155958 
-240.6384651968 
-240.8414701193 
-241.0411077774 
-241.2374531518 
-241.4305788878 
-241.6205553874 
-241.8074508986 
-241.9913315991 
-242.1722616772 
-242.3503034089 
-242.5255172308 
-242.6979618107 
-242.8676941145 
-243.0347694700 
-243.1992416284 
-243.3611628227 
-243.5205838237 
-243.6775539936 
-243.8321213369 
-243.9843325500 
-244.1342330676 
-244.2818671081 
-244.4272777163 
-244.5705068048 
-244.7115951936 
-244.8505826476 
-244.9875079137 
-245.1224087546 
-245.2553219831 
-245.3862834935 
-245.5153282927 
-245.6424905296 
-245.7678035232 
-245.8912997902 
-246.0130110709 
-246.1329683541 
-246.2512019015 
-246.3677412705 
-246.4826153370 
-246.5958523160 
-246.7074797830 
-246.8175246931 
-246.9260134005 
-247.0329716764 
-247.1384247270 
-247.2423972101 
-247.3449132516 
-247.4459964614 
-247.5456699479 
-247.6439563335 
-247.7408777676 
-247.8364559411 
-247.9307120988 
-248.0236670521 
-248.1153411912 
-248.2057544971 
-248.2949265521 
-248.3828765513 
-248.4696233132 
-248.5551852892 
-248.6395805739 
-248.7228269143 
-248.8049417192 
-248.8859420676 
-248.9658447176 
-249.0446661145 
-249.1224223984 
-249.1991294126 
-249.2748027103 
-249.3494575623 
-249.4231089638 
-249.4957716410 
-249.5674600578 
-249.6381884219 
-249.7079706911 
-249.7768205791 
-249.8447515613 
-249.9117768803 
-249.9779095511 
-250.0431623666 
-250.1075479027 
-250.1710785226 
-250.2337663823 
-250.2956234347 
-250.3566614342 
-250.4168919413 
-250.4763263262 
-250.5349757735 
-250.5928512859 
-250.6499636879 
-250.7063236298 
-250.7619415913 
-250.8168278849 
-250.8709926593 
-250.9244459030 
-250.9771974474 
-251.0292569696 
-251.0806339963 
-251.1313379058 
-251.1813779318 
-251.2307631656 
-251.2795025591 
-251.3276049275 
-251.3750789520 
-251.4219331820 
-251.4681760378 
-251.5138158133 
-251.5588606778 
-251.6033186787 
-251.6471977435 
-251.6905056822 
-251.7332501894 
-251.7754388460 
-251.8170791218 
-251.8581783771 
-251.8987438649 
-251.9387827324 
-251.9783020233 
-252.0173086792 
-252.0558095416 
-252.0938113536 
-252.1313207615 
-252.1683443165 
-252.2048884761 
-252.2409596062 
-252.2765639820 
-252.3117077900 
-252.3463971289 
-252.3806380119 
-252.4144363672 
-252.4477980400 
-252.4807287934 
-252.5132343103 
-252.5453201939 
-252.5769919698 
-252.6082550866 
-252.6391149175 
-252.6695767611 
-252.6996458432 
-252.7293273172 
-252.7586262657 
-252.7875477016 
-252.8160965690 
-252.8442777440 
-252.8720960366 
-252.8995561906 
-252.9266628856 
-252.9534207372 
-252.9798342985 
-253.0059080608 
-253.0316464545 
-253.0570538501 
-253.0821345592 
-253.1068928348 
-253.1313328732 
-253.1554588137 
-253.1792747403 
-253.2027846820 
-253.2259926139 
-253.2489024578 
-253.2715180830 
-253.2938433072 
-253.3158818971 
-253.3376375691 
-253.3591139901 
-253.3803147783 
-253.4012435038 
-253.4219036892 
-253.4422988104 
-253.4624322971 
-253.4823075338 
-253.5019278600 
-253.5212965712 
-253.5404169193 
-253.5592921131 
-253.5779253194 
-253.5963196630 
-253.6144782277 
-253.6324040566 
-253.6501001528 
-253.6675694799 
-253.6848149628 
-253.7018394876 
-253.7186459030 
-253.7352370200 
-253.7516156129 
-253.7677844198 
-253.7837461428 
-253.7995034488 
-253.8150589696 
-253.8304153029 
-253.8455750124 
-253.8605406283 
-253.8753146477 
-253.8898995355 
-253.9042977241 
-253.9185116144 
-253.9325435761 
-253.9463959479 
-253.9600710382 
-253.9735711254 
-253.9868984582 
-254.0000552561 
-254.0130437100 
-254.0258659820 
-254.0385242065 
-254.0510204900 
-254.0633569118 
-254.0755355240 
-254.0875583526 
-254.0994273968 
-254.1111446304 
-254.1227120014 
-254.1341314326 
-254.1454048220 
-254.1565340429 
-254.1675209447 
-254.1783673526 
-254.1890750683 
-254.1996458704 
-254.2100815142 
-254.2203837327 
-254.2305542362 
-254.2405947131 
-254.2505068302 
-254.2602922324 
-254.2699525437 
-254.2794893670 
-254.2889042847 
-254.2981988587 
-254.3073746307 
-254.3164331227 
-254.3253758371 
-254.3342042567 
-254.3429198456 
-254.3515240487 
-254.3600182926 
-254.3684039853 
-254.3766825169 
-254.3848552593 
-254.3929235672 
-254.4008887776 
-254.4087522103 
-254.4165151682 
-254.4241789375 
-254.4317447878 
-254.4392139724 
-254.4465877285 
-254.4538672775 
-254.4610538250 
-254.4681485610 
-254.4751526606 
-254.4820672835 
-254.4888935745 
-254.4956326639 
-254.5022856674 
-254.5088536863 
-254.5153378079 
-254.5217391055 
-254.5280586386 
-254.5342974532 
-254.5404565817 
-254.5465370435 
-254.5525398447 
-254.5584659787 
-254.5643164259 
-254.5700921545 
-254.5757941200 
-254.5814232658 
-254.5869805230 
-254.5924668110 
-254.5978830374 
-254.6032300980 
-254.6085088772 
-254.6137202481 
-254.6188650727 
-254.6239442018 
-254.6289584754 
-254.6339087226 
-254.6387957620 
-254.6436204018 
-254.6483834397 
-254.6530856632 
-254.6577278497 
-254.6623107668 
-254.6668351722 
-254.6713018137 
-254.6757114298 
-254.6800647494 
-254.6843624921 
-254.6886053683 
-254.6927940793 
-254.6969293174 
-254.7010117661 
-254.7050421001 
-254.7090209855 
-254.7129490798 
-254.7168270322 
-254.7206554835 
-254.7244350663 
-254.7281664052 
-254.7318501168 
-254.7354868096 
-254.7390770846 
-254.7426215349 
-254.7461207461 
-254.7495752964 
-254.7529857565 
-254.7563526897 
-254.7596766522 
-254.7629581932 
-254.7661978547 
-254.7693961718 
-254.7725536729 
-254.7756708794 
-254.7787483062 
-254.7817864616 
-254.7847858474 
-254.7877469589 
-254.7906702851 
-254.7935563089 
-254.7964055067 
-254.7992183492 
-254.8019953007 
-254.8047368199 
-254.8074433593 
-254.8101153660 
-254.8127532811 
-254.8153575401 
-254.8179285731 
-254.8204668043 
-254.8229726531 
-254.8254465329 
-254.8278888522 
-254.8303000142 
-254.8326804169 
-254.8350304533 
-254.8373505112 
-254.8396409737 
-254.8419022187 
-254.8441346195 
-254.8463385446 
-254.8485143576 
-254.8506624178 
-254.8527830795 
-254.8548766928 
-254.8569436032 
-254.8589841518 
-254.8609986752 
-254.8629875059 
-254.8649509721 
-254.8668893977 
-254.8688031026 
-254.8706924026 
-254.8725576093 
-254.8743990304 
-254.8762169698 
-254.8780117274 
-254.8797835993 
-254.8815328777 
-254.8832598512 
-254.8849648048 
-254.8866480195 
-254.8883097731 
-254.8899503396 
-254.8915699897 
-254.8931689904 
-254.8947476055 
-254.8963060953 
-254.8978447169 
-254.8993637239 
-254.9008633669 
-254.9023438931 
-254.9038055467 
-254.9052485687 
-254.9066731970 
-254.9080796665 
-254.9094682091 
-254.9108390537 
-254.9121924264 
-254.9135285502 
-254.9148476453 
-254.9161499294 
-254.9174356169 
-254.9187049198 
-254.9199580474 
-254.9211952062 
-254.9224166000 
