-62.5051373861 
-97.6102356538 
-122.3578146946 
-141.3739158437 
-156.6563442411 
-169.2781043585 
-179.8945577730 
-188.9414203791 
-196.7262775707 
-203.4760495864 
-209.3638463337 
-214.5252156696 
-219.0685137394 
-223.0818189077 
-226.6377111748 
-229.7966769499 
-232.6095895072 
-235.1195332569 
-237.3631192354 
-239.3713559949 
-241.1701158774 
-242.7803281425 
-244.2182572911 
-245.4964152598 
-246.6254287906 
-247.6163961914 
-248.4825472902 
-249.2392665598 
-249.9026554897 
-250.4876725244 
-251.0068079925 
-251.4696392095 
-251.8831237247 
-252.2523030806 
-252.5810828465 
-252.8728430572 
-253.1307839688 
-253.3580537262 
-253.5577612213 
-253.7329506939 
-253.8865670992 
-254.0214171821 
-254.1401290556 
-254.2451155812 
-254.3385458571 
-254.4223254288 
-254.4980819610 
-254.5671506699 
-254.6305542521 
-254.6889769355 
-254.7427422168 
-254.7918161376 
-254.8358650317 
-254.8743883621 
-254.9069184053 
-254.9332382648 
-254.9535420372 
-254.9684703469 
-254.9790040588 
-254.9862624961 
-254.9912912872 
-254.9949171893 
-254.9977028133 
-254.9999839831 
-255.0019443938 
-255.0036846155 
-255.0052643184 
-255.0067194427 
-255.0080672111 
-255.0093101760 
-255.0104428486 
-255.0114588285 
-255.0123557248 
-255.0131367968 
-255.0138099954 
-255.0143860078 
-255.0148764292 
-255.0152925365 
-255.0156446530 
-255.0159419179 
-255.0161922940 
-255.0164026814 
-255.0165790617 
-255.0167266374 
-255.0168499531 
-255.0169529940 
-255.0170392596 
-255.0171118131 
-255.0171733046 
-255.0172259722 
-255.0172716288 
-255.0173116565 
-255.0173470373 
-255.0173784451 
-255.0174063866 
-255.0174313283 
-255.0174537107 
-255.0174738439 
-255.0174918324 
-255.0175076720 
-255.0175214247 
-255.0175332712 
-255.0175434397 
-255.0175521461 
-255.0175595933 
-255.0175659729 
-255.0175714519 
-255.0175761671 
-255.0175802281 
-255.0175837236 
-255.0175867269 
-255.0175893004 
-255.0175914986 
-255.0175933695 
-255.0175949557 
-255.0175962949 
-255.0175974207 
-255.0175983627 
-255.0175991471 
-255.0175997973 
-255.0176003337 
-255.0176007746 
-255.0176011361 
-255.0176014325 
-255.0176017274 
-255.0176019668 
-255.0176021692 
-255.0176023417 
-255.0176024897 
-255.0176026173 
-255.0176027276 
-255.0176028231 
-255.0176029060 
-255.0176029780 
-255.0176030404 
-255.0176030945 
-255.0176031414 
-255.0176031819 
-255.0176032170 
-255.0176032472 
-255.0176032733 
-255.0176032957 
-255.0176033150 
-255.0176033316 
-255.0176033458 
-255.0176033580 
-255.0176033684 
-255.0176033773 
-255.0176033849 
-255.0176033914 
-255.0176033970 
-255.0176034017 
-255.0176034057 
-255.0176034091 
-255.0176034121 
-255.0176034147 
-255.0176034169 
-255.0176034188 
-255.0176034204 
-255.0176034219 
-255.0176034231 
-255.0176034242 
-255.0176034251 
-255.0176034259 
-255.0176034265 
-255.0176034271 
-255.0176034276 
-255.0176034280 
-255.0176034284 
-255.0176034287 
-255.0176034290 
-255.0176034292 
-255.0176034294 
-255.0176034295 
-255.0176034297 
-255.0176034298 
-255.0176034299 
-255.0176034300 
-255.0176034300 
-255.0176034301 
-255.0176034302 
-255.0176034302 
-255.0176034303 
-255.0176034303 
-255.0176034303 
-255.0176034303 
-255.0176034304 
-255.0176034304 
-255.0176034304 
-255.0176034304 
-255.0176034304 
-255.0176034304 
-255.0176034304 
-255.0176034305 
-255.0176034305 
-255.0176034305 
-255.0176034305 
-255.0176034305 
-255.0176034305 
-255.0176034305 
-255.0176034305 
-255.0176034305 
-255.0176034305 
-255.0176034305 
-255.0176034305 
-255.0176034305 
-255.0176034305 
-255.0176034305 
-255.0176034305 
-255.0176034305 
-255.0176034305 
-255.0176034305 
-255.0176034305 
-255.0176034305 
-255.0176034305 
-255.0176034305 
-255.0176034305 
-255.0176034305 
-255.0176034305 
-255.0176034305 
-255.0176034305 
-255.0176034305 
-255.0176034305 
-255.0176034305 
-255.0176034305 
-255.0176034305 
-255.0176034305 
-255.0176034305 
-255.0176034305 
-255.0176034305 
-255.0176034305 
-255.0176034305 
-255.0176034305 
-255.0176034305 
-255.0176034305 
-255.0176034305 
-255.0176034305 
-255.0176034305 
-255.0176034305 
-255.0176034305 
-255.0176034305 
-255.0176034305 
-255.0176034305 
-255.0176034305 
-255.0176034305 
-255.0176034305 
-255.0176034305 
-255.0176034305 
-255.0176034305 
-255.0176034305 
-255.0176034305 
-255.0176034305 
-255.0176034305 
-255.0176034305 
-255.0176034305 
-255.0176034305 
-255.0176034305 
-255.0176034305 
-255.0176034305 
-255.0176034305 
-255.0176034305 
-255.0176034305 
-255.0176034305 
-255.0176034305 
-255.0176034305 
-255.0176034305 
-255.0176034305 
-255.0176034305 
-255.0176034305 
-255.0176034305 
-255.0176034305 
-255.0176034305 
-255.0176034305 
-255.0176034305 
-255.0176034305 
-255.0176034305 
-255.0176034305 
-255.0176034305 
-255.0176034305 
-255.0176034305 
-255.0176034305 
-255.0176034305 
-255.0176034305 
-255.0176034305 
-255.0176034305 
-255.0176034305 
-255.0176034305 
-255.0176034305 
-255.0176034305 
-255.0176034305 
-255.0176034305 
-255.0176034305 
-255.0176034305 
-255.0176034305 
-255.0176034305 
-255.0176034305 
-255.0176034305 
-255.0176034305 
-255.0176034305 
-255.0176034305 
-255.0176034305 
-255.0176034305 
-255.0176034305 
-255.0176034305 
-255.0176034305 
-255.0176034305 
-255.0176034305 
-255.0176034305 
-255.0176034305 
-255.0176034305 
-255.0176034305 
-255.0176034305 
-255.0176034305 
-255.0176034305 
-255.0176034305 
-255.0176034305 
-255.0176034305 
-255.0176034305 
-255.0176034305 
-255.0176034305 
-255.0176034305 
-255.0176034305 
-255.0176034305 
-255.0176034305 
-255.0176034305 
-255.0176034305 
-255.0176034305 
-255.0176034305 
-255.0176034305 
-255.0176034305 
-255.0176034305 
-255.0176034305 
-255.0176034305 
-255.0176034305 
-255.0176034305 
-255.0176034305 
-255.0176034305 
-255.0176034305 
-255.0176034305 
-255.0176034305 
-255.0176034305 
-255.0176034305 
-255.0176034305 
-255.0176034305 
-255.0176034305 
-255.0176034305 
-255.0176034305 
-255.0176034305 
-255.0176034305 
-255.0176034305 
-255.0176034305 
-255.0176034305 
-255.0176034305 
-255.0176034305 
-255.0176034305 
-255.0176034305 
-255.0176034305 
-255.0176034305 
-255.0176034305 
-255.0176034305 
-255.0176034305 
-255.0176034305 
-255.0176034305 
-255.0176034305 
-255.0176034305 
-255.0176034305 
-255.0176034305 
-255.0176034305 
-255.0176034305 
-255.0176034305 
-255.0176034305 
-255.0176034305 
-255.0176034305 
-255.0176034305 
-255.0176034305 
-255.0176034305 
-255.0176034305 
-255.0176034305 
-255.0176034305 
-255.0176034305 
-255.0176034305 
-255.0176034305 
-255.0176034305 
-255.0176034305 
-255.0176034305 
-255.0176034305 
-255.0176034305 
-255.0176034305 
-255.0176034305 
-255.0176034305 
-255.0176034305 
-255.0176034305 
-255.0176034305 
-255.0176034305 
-255.0176034305 
-255.0176034305 
-255.0176034305 
-255.0176034305 
-255.0176034305 
-255.0176034305 
-255.0176034305 
-255.0176034305 
-255.0176034305 
-255.0176034305 
-255.0176034305 
-255.0176034305 
-255.0176034305 
-255.0176034305 
-255.0176034305 
-255.0176034305 
-255.0176034305 
-255.0176034305 
-255.0176034305 
-255.0176034305 
-255.0176034305 
-255.0176034305 
-255.0176034305 
-255.0176034305 
-255.0176034305 
-255.0176034305 
-255.0176034305 
-255.0176034305 
-255.0176034305 
-255.0176034305 
-255.0176034305 
-255.0176034305 
-255.0176034305 
-255.0176034305 
-255.0176034305 
-255.0176034305 
-255.0176034305 
-255.0176034305 
-255.0176034305 
-255.0176034305 
-255.0176034305 
-255.0176034305 
-255.0176034305 
-255.0176034305 
-255.0176034305 
-255.0176034305 
-255.0176034305 
-255.0176034305 
-255.0176034305 
-255.0176034305 
-255.0176034305 
-255.0176034305 
-255.0176034305 
-255.0176034305 
-255.0176034305 
-255.0176034305 
-255.0176034305 
-255.0176034305 
-255.0176034305 
-255.0176034305 
-255.0176034305 
-255.0176034305 
-255.0176034305 
-255.0176034305 
-255.0176034305 
-255.0176034305 
-255.0176034305 
-255.0176034305 
-255.0176034305 
-255.0176034305 
-255.0176034305 
-255.0176034305 
-255.0176034305 
-255.0176034305 
-255.0176034305 
-255.0176034305 
-255.0176034305 
-255.0176034305 
-255.0176034305 
-255.0176034305 
-255.0176034305 
-255.0176034305 
-255.0176034305 
-255.0176034305 
-255.0176034305 
-255.0176034305 
-255.0176034305 
-255.0176034305 
-255.0176034305 
-255.0176034305 
-255.0176034305 
-255.0176034305 
-255.0176034305 
-255.0176034305 
-255.0176034305 
-255.0176034305 
-255.0176034305 
-255.0176034305 
-255.0176034305 
-255.0176034305 
-255.0176034305 
-255.0176034305 
-255.0176034305 
-255.0176034305 
-255.0176034305 
-255.0176034305 
