-31 -31 0.0000000000
-30 -31 0.0000000000
-29 -31 0.0000000000
-28 -31 0.0000000000
-27 -31 0.0000000000
-26 -31 0.0000000000
-25 -31 0.0000000000
-24 -31 0.0000000000
-23 -31 0.0000000000
-22 -31 0.0000000000
-21 -31 0.0000000000
-20 -31 0.0000000000
-19 -31 0.0000000000
-18 -31 0.0000000000
-17 -31 0.0000000000
-16 -31 0.0000000000
-15 -31 0.0000000000
-14 -31 0.0000000000
-13 -31 0.0000000000
-12 -31 0.0000000000
-11 -31 0.0000000000
-10 -31 0.0000000000
-9 -31 0.0000000000
-8 -31 0.0000000000
-7 -31 0.0000000000
-6 -31 0.0000000000
-5 -31 0.0000000000
-4 -31 0.0000000000
-3 -31 0.0000000000
-2 -31 0.0000000000
-1 -31 0.0000000000
0 -31 0.0000000000
1 -31 -0.0000000000
2 -31 -0.0000000000
3 -31 -0.0000000000
4 -31 -0.0000000000
5 -31 -0.0000000000
6 -31 -0.0000000000
7 -31 -0.0000000000
8 -31 -0.0000000000
9 -31 -0.0000000000
10 -31 -0.0000000000
11 -31 -0.0000000000
12 -31 -0.0000000000
13 -31 -0.0000000000
14 -31 -0.0000000000
15 -31 -0.0000000000
16 -31 -0.0000000000
17 -31 -0.0000000000
18 -31 -0.0000000000
19 -31 -0.0000000000
20 -31 -0.0000000000
21 -31 -0.0000000000
22 -31 -0.0000000000
23 -31 -0.0000000000
24 -31 -0.0000000000
25 -31 -0.0000000000
26 -31 -0.0000000000
27 -31 -0.0000000000
28 -31 -0.0000000000
29 -31 -0.0000000000
30 -31 -0.0000000000
31 -31 -0.0000000000
-31 -30 0.0000000000
-30 -30 0.0000184854
-29 -30 0.0000320384
-28 -30 0.0000451693
-27 -30 0.0000577424
-26 -30 0.0000696290
-25 -30 0.0000807076
-24 -30 0.0000908663
-23 -30 0.0001000026
-22 -30 0.0001080256
-21 -30 0.0001148560
-20 -30 0.0001204275
-19 -30 0.0001246870
-18 -30 0.0001275952
-17 -30 0.0001291270
-16 -30 0.0001292719
-15 -30 0.0001280336
-14 -30 0.0001254304
-13 -30 0.0001214946
-12 -30 0.0001162722
-11 -30 0.0001098225
-10 -30 0.0001022171
-9 -30 0.0000935396
-8 -30 0.0000838842
-7 -30 0.0000733549
-6 -30 0.0000620644
-5 -30 0.0000501327
-4 -30 0.0000376858
-3 -30 0.0000248546
-2 -30 0.0000117733
-1 -30 -0.0000014221
0 -30 -0.0000145950
1 -30 -0.0000276098
2 -30 -0.0000403332
3 -30 -0.0000526359
4 -30 -0.0000643933
5 -30 -0.0000754874
6 -30 -0.0000858076
7 -30 -0.0000952520
8 -30 -0.0001037281
9 -30 -0.0001111540
10 -30 -0.0001174591
11 -30 -0.0001225845
12 -30 -0.0001264838
13 -30 -0.0001291233
14 -30 -0.0001304822
15 -30 -0.0001305530
16 -30 -0.0001293410
17 -30 -0.0001268647
18 -30 -0.0001231550
19 -30 -0.0001182550
20 -30 -0.0001122196
21 -30 -0.0001051147
22 -30 -0.0000970164
23 -30 -0.0000880103
24 -30 -0.0000781905
25 -30 -0.0000676587
26 -30 -0.0000565228
27 -30 -0.0000448965
28 -30 -0.0000328973
29 -30 -0.0000206458
30 -30 -0.0000082643
31 -30 -0.0000000000
-31 -29 0.0000000000
-30 -29 0.0000321920
-29 -29 0.0000546388
-28 -29 0.0000763696
-27 -29 0.0000971603
-26 -29 0.0001167976
-25 -29 0.0001350814
-24 -29 0.0001518266
-23 -29 0.0001668647
-22 -29 0.0001800459
-21 -29 0.0001912403
-20 -29 0.0002003390
-19 -29 0.0002072555
-18 -29 0.0002119264
-17 -29 0.0002143117
-16 -29 0.0002143953
-15 -29 0.0002121853
-14 -29 0.0002077135
-13 -29 0.0002010350
-12 -29 0.0001922278
-11 -29 0.0001813916
-10 -29 0.0001686468
-9 -29 0.0001541331
-8 -29 0.0001380082
-7 -29 0.0001204456
-6 -29 0.0001016331
-5 -29 0.0000817706
-4 -29 0.0000610678
-3 -29 0.0000397424
-2 -29 0.0000180171
-1 -29 -0.0000038820
0 -29 -0.0000257284
1 -29 -0.0000472973
2 -29 -0.0000683681
3 -29 -0.0000887264
4 -29 -0.0001081664
5 -29 -0.0001264930
6 -29 -0.0001435236
7 -29 -0.0001590900
8 -29 -0.0001730401
9 -29 -0.0001852392
10 -29 -0.0001955712
11 -29 -0.0002039399
12 -29 -0.0002102697
13 -29 -0.0002145060
14 -29 -0.0002166160
15 -29 -0.0002165885
16 -29 -0.0002144339
17 -29 -0.0002101841
18 -29 -0.0002038920
19 -29 -0.0001956303
20 -29 -0.0001854914
21 -29 -0.0001735858
22 -29 -0.0001600409
23 -29 -0.0001449997
24 -29 -0.0001286192
25 -29 -0.0001110690
26 -29 -0.0000925290
27 -29 -0.0000731880
28 -29 -0.0000532416
29 -29 -0.0000328901
30 -29 -0.0000123367
31 -29 -0.0000000000
-31 -28 0.0000000000
-30 -28 0.0000457412
-29 -28 0.0000769759
-28 -28 0.0001072040
-27 -28 0.0001361139
-26 -28 0.0001634089
-25 -28 0.0001888110
-24 -28 0.0002120628
-23 -28 0.0002329307
-22 -28 0.0002512066
-21 -28 0.0002667105
-20 -28 0.0002792918
-19 -28 0.0002888310
-18 -28 0.0002952404
-17 -28 0.0002984657
-16 -28 0.0002984854
-15 -28 0.0002953117
-14 -28 0.0002889899
-13 -28 0.0002795977
-12 -28 0.0002672447
-11 -28 0.0002520707
-10 -28 0.0002342441
-9 -28 0.0002139604
-8 -28 0.0001914398
-7 -28 0.0001669246
-6 -28 0.0001406768
-5 -28 0.0001129753
-4 -28 0.0000841126
-3 -28 0.0000543919
-2 -28 0.0000241239
-1 -28 -0.0000063768
0 -28 -0.0000367947
1 -28 -0.0000668169
2 -28 -0.0000961363
3 -28 -0.0001244546
4 -28 -0.0001514858
5 -28 -0.0001769585
6 -28 -0.0002006190
7 -28 -0.0002222337
8 -28 -0.0002415915
9 -28 -0.0002585054
10 -28 -0.0002728148
11 -28 -0.0002843863
12 -28 -0.0002931155
13 -28 -0.0002989273
14 -28 -0.0003017768
15 -28 -0.0003016494
16 -28 -0.0002985604
17 -28 -0.0002925552
18 -28 -0.0002837080
19 -28 -0.0002721212
20 -28 -0.0002579241
21 -28 -0.0002412713
22 -28 -0.0002223409
23 -28 -0.0002013327
24 -28 -0.0001784660
25 -28 -0.0001539772
26 -28 -0.0001281175
27 -28 -0.0001011500
28 -28 -0.0000733475
29 -28 -0.0000449890
30 -28 -0.0000163577
31 -28 -0.0000000000
-31 -27 0.0000000000
-30 -27 0.0000591035
-29 -27 0.0000990013
-28 -27 0.0001376057
-27 -27 0.0001745187
-26 -27 0.0002093616
-25 -27 0.0002417794
-24 -27 0.0002714437
-23 -27 0.0002980563
-22 -27 0.0003213521
-21 -27 0.0003411016
-20 -27 0.0003571129
-19 -27 0.0003692340
-18 -27 0.0003773538
-17 -27 0.0003814033
-16 -27 0.0003813560
-15 -27 0.0003772281
-14 -27 0.0003690784
-13 -27 0.0003570070
-12 -27 0.0003411545
-11 -27 0.0003217001
-10 -27 0.0002988600
-9 -27 0.0002728845
-8 -27 0.0002440554
-7 -27 0.0002126829
-6 -27 0.0001791023
-5 -27 0.0001436703
-4 -27 0.0001067611
-3 -27 0.0000687623
-2 -27 0.0000300709
-1 -27 -0.0000089107
0 -27 -0.0000477795
1 -27 -0.0000861357
2 -27 -0.0001235870
3 -27 -0.0001597524
4 -27 -0.0001942667
5 -27 -0.0002267833
6 -27 -0.0002569787
7 -27 -0.0002845546
8 -27 -0.0003092417
9 -27 -0.0003308017
10 -27 -0.0003490297
11 -27 -0.0003637561
12 -27 -0.0003748479
13 -27 -0.0003822099
14 -27 -0.0003857854
15 -27 -0.0003855561
16 -27 -0.0003815426
17 -27 -0.0003738031
18 -27 -0.0003624334
19 -27 -0.0003475649
20 -27 -0.0003293633
21 -27 -0.0003080267
22 -27 -0.0002837832
23 -27 -0.0002568888
24 -27 -0.0002276239
25 -27 -0.0001962911
26 -27 -0.0001632118
27 -27 -0.0001287224
28 -27 -0.0000931716
29 -27 -0.0000569163
30 -27 -0.0000203185
31 -27 -0.0000000000
-31 -26 0.0000000000
-30 -26 0.0000722500
-29 -26 0.0001206670
-28 -26 0.0001675083
-27 -26 0.0002122907
-26 -26 0.0002545551
-25 -26 0.0002938705
-24 -26 0.0003298389
-23 -26 0.0003620985
-22 -26 0.0003903281
-21 -26 0.0004142495
-20 -26 0.0004336304
-19 -26 0.0004482868
-18 -26 0.0004580844
-17 -26 0.0004629402
-16 -26 0.0004628225
-15 -26 0.0004577518
-14 -26 0.0004477999
-13 -26 0.0004330890
-12 -26 0.0004137903
-11 -26 0.0003901222
-10 -26 0.0003623474
-9 -26 0.0003307702
-8 -26 0.0002957332
-7 -26 0.0002576135
-6 -26 0.0002168184
-5 -26 0.0001737811
-4 -26 0.0001289560
-3 -26 0.0000828140
-2 -26 0.0000358371
-1 -26 -0.0000114864
0 -26 -0.0000586671
1 -26 -0.0001052198
2 -26 -0.0001506684
3 -26 -0.0001945507
4 -26 -0.0002364235
5 -26 -0.0002758665
6 -26 -0.0003124870
7 -26 -0.0003459236
8 -26 -0.0003758497
9 -26 -0.0004019764
10 -26 -0.0004240555
11 -26 -0.0004418816
12 -26 -0.0004552937
13 -26 -0.0004641769
14 -26 -0.0004684627
15 -26 -0.0004681295
16 -26 -0.0004632027
17 -26 -0.0004537537
18 -26 -0.0004398992
19 -26 -0.0004217990
20 -26 -0.0003996550
21 -26 -0.0003737079
22 -26 -0.0003442352
23 -26 -0.0003115477
24 -26 -0.0002759865
25 -26 -0.0002379191
26 -26 -0.0001977357
27 -26 -0.0001558452
28 -26 -0.0001126708
29 -26 -0.0000686461
30 -26 -0.0000242104
31 -26 -0.0000000000
-31 -25 0.0000000000
-30 -25 0.0000851517
-29 -25 0.0001419251
-28 -25 0.0001968456
-27 -25 0.0002493464
-26 -25 0.0002988893
-25 -25 0.0003449689
-24 -25 0.0003871187
-23 -25 0.0004249150
-22 -25 0.0004579811
-21 -25 0.0004859913
-20 -25 0.0005086736
-19 -25 0.0005258127
-18 -25 0.0005372517
-17 -25 0.0005428936
-16 -25 0.0005427020
-15 -25 0.0005367014
-14 -25 0.0005249766
-13 -25 0.0005076715
-12 -25 0.0004849874
-11 -25 0.0004571809
-10 -25 0.0004245607
-9 -25 0.0003874841
-8 -25 0.0003463535
-7 -25 0.0003016112
-6 -25 0.0002537355
-5 -25 0.0002032346
-4 -25 0.0001506417
-3 -25 0.0000965093
-2 -25 0.0000414028
-1 -25 -0.0000141050
0 -25 -0.0000694403
1 -25 -0.0001240339
2 -25 -0.0001773275
3 -25 -0.0002287793
4 -25 -0.0002778696
5 -25 -0.0003241057
6 -25 -0.0003670274
7 -25 -0.0004062111
8 -25 -0.0004412739
9 -25 -0.0004718776
10 -25 -0.0004977315
11 -25 -0.0005185949
12 -25 -0.0005342796
13 -25 -0.0005446511
14 -25 -0.0005496296
15 -25 -0.0005491903
16 -25 -0.0005433633
17 -25 -0.0005322330
18 -25 -0.0005159363
19 -25 -0.0004946615
20 -25 -0.0004686455
21 -25 -0.0004381711
22 -25 -0.0004035642
23 -25 -0.0003651895
24 -25 -0.0003234475
25 -25 -0.0002787695
26 -25 -0.0002316133
27 -25 -0.0001824586
28 -25 -0.0001318022
29 -25 -0.0000801525
30 -25 -0.0000280248
31 -25 -0.0000000000
-31 -24 0.0000000000
-30 -24 0.0000977797
-29 -24 0.0001627282
-28 -24 0.0002255519
-27 -24 0.0002856027
-26 -24 0.0003422646
-25 -24 0.0003949598
-24 -24 0.0004431546
-23 -24 0.0004863644
-22 -24 0.0005241588
-21 -24 0.0005561653
-20 -24 0.0005820732
-19 -24 0.0006016367
-18 -24 0.0006146766
-17 -24 0.0006210825
-16 -24 0.0006208134
-15 -24 0.0006138977
-14 -24 0.0006004329
-13 -24 0.0005805843
-12 -24 0.0005545828
-11 -24 0.0005227224
-10 -24 0.0004853568
-9 -24 0.0004428952
-8 -24 0.0003957983
-7 -24 0.0003445728
-6 -24 0.0002897660
-5 -24 0.0002319598
-4 -24 0.0001717646
-3 -24 0.0001098124
-2 -24 0.0000467503
-1 -24 -0.0000167661
0 -24 -0.0000800802
1 -24 -0.0001425411
2 -24 -0.0002035098
3 -24 -0.0002623668
4 -24 -0.0003185172
5 -24 -0.0003713980
6 -24 -0.0004204825
7 -24 -0.0004652865
8 -24 -0.0005053723
9 -24 -0.0005403530
10 -24 -0.0005698965
11 -24 -0.0005937278
12 -24 -0.0006116319
13 -24 -0.0006234553
14 -24 -0.0006291072
15 -24 -0.0006285595
16 -24 -0.0006218471
17 -24 -0.0006090670
18 -24 -0.0005903763
19 -24 -0.0005659906
20 -24 -0.0005361816
21 -24 -0.0005012731
22 -24 -0.0004616382
23 -24 -0.0004176949
24 -24 -0.0003699013
25 -24 -0.0003187512
26 -24 -0.0002647689
27 -24 -0.0002085033
28 -24 -0.0001505229
29 -24 -0.0000914097
30 -24 -0.0000317531
31 -24 -0.0000000000
-31 -23 0.0000000000
-30 -23 0.0001101054
-29 -23 0.0001830288
-28 -23 0.0002535620
-27 -23 0.0003209771
-26 -23 0.0003845824
-25 -23 0.0004437293
-24 -23 0.0004978187
-23 -23 0.0005463067
-22 -23 0.0005887101
-21 -23 0.0006246112
-20 -23 0.0006536615
-19 -23 0.0006755853
-18 -23 0.0006901819
-17 -23 0.0006973278
-16 -23 0.0006969774
-15 -23 0.0006891632
-14 -23 0.0006739952
-13 -23 0.0006516596
-12 -23 0.0006224160
-11 -23 0.0005865952
-10 -23 0.0005445946
-9 -23 0.0004968744
-8 -23 0.0004439522
-7 -23 0.0003863974
-6 -23 0.0003248248
-5 -23 0.0002598882
-4 -23 0.0001922730
-3 -23 0.0001226893
-2 -23 0.0000518639
-1 -23 -0.0000194671
0 -23 -0.0000905664
1 -23 -0.0001607029
2 -23 -0.0002291595
3 -23 -0.0002952401
4 -23 -0.0003582774
5 -23 -0.0004176390
6 -23 -0.0004727340
7 -23 -0.0005230187
8 -23 -0.0005680019
9 -23 -0.0006072496
10 -23 -0.0006403890
11 -23 -0.0006671118
12 -23 -0.0006871770
13 -23 -0.0007004124
14 -23 -0.0007067165
15 -23 -0.0007060582
16 -23 -0.0006984771
17 -23 -0.0006840823
18 -23 -0.0006630508
19 -23 -0.0006356251
20 -23 -0.0006021103
21 -23 -0.0005628708
22 -23 -0.0005183257
23 -23 -0.0004689445
24 -23 -0.0004152422
25 -23 -0.0003577735
26 -23 -0.0002971272
27 -23 -0.0002339200
28 -23 -0.0001687904
29 -23 -0.0001023919
30 -23 -0.0000353868
31 -23 -0.0000000000
-31 -22 0.0000000000
-30 -22 0.0001221003
-29 -22 0.0002027802
-28 -22 0.0002808112
-27 -22 0.0003553878
-26 -22 0.0004257448
-25 -22 0.0004911646
-24 -22 0.0005509844
-23 -22 0.0006046028
-22 -22 0.0006514855
-21 -22 0.0006911704
-20 -22 0.0007232724
-19 -22 0.0007474869
-18 -22 0.0007635922
-17 -22 0.0007714522
-16 -22 0.0007710170
-15 -22 0.0007623230
-14 -22 0.0007454924
-13 -22 0.0007207317
-12 -22 0.0006883288
-11 -22 0.0006486500
-10 -22 0.0006021357
-9 -22 0.0005492955
-8 -22 0.0004907023
-7 -22 0.0004269866
-6 -22 0.0003588290
-5 -22 0.0002869531
-4 -22 0.0002121177
-3 -22 0.0001351085
-2 -22 0.0000567298
-1 -22 -0.0000222038
0 -22 -0.0001008765
1 -22 -0.0001784794
2 -22 -0.0002542189
3 -22 -0.0003273253
4 -22 -0.0003970600
5 -22 -0.0004627237
6 -22 -0.0005236627
7 -22 -0.0005792757
8 -22 -0.0006290194
9 -22 -0.0006724140
10 -22 -0.0007090473
11 -22 -0.0007385785
12 -22 -0.0007607411
13 -22 -0.0007753453
14 -22 -0.0007822789
15 -22 -0.0007815079
16 -22 -0.0007730766
17 -22 -0.0007571059
18 -22 -0.0007337922
19 -22 -0.0007034041
20 -22 -0.0006662796
21 -22 -0.0006228220
22 -22 -0.0005734956
23 -22 -0.0005188201
24 -22 -0.0004593656
25 -22 -0.0003957461
26 -22 -0.0003286133
27 -22 -0.0002586498
28 -22 -0.0001865622
29 -22 -0.0001130738
30 -22 -0.0000389174
31 -22 -0.0000000000
-31 -21 0.0000000000
-30 -21 0.0001337364
-29 -21 0.0002219360
-28 -21 0.0003072353
-27 -21 0.0003887538
-26 -21 0.0004656548
-25 -21 0.0005371539
-24 -21 0.0006025267
-23 -21 0.0006611158
-22 -21 0.0007123372
-21 -21 0.0007556862
-20 -21 0.0007907422
-19 -21 0.0008171722
-18 -21 0.0008347348
-17 -21 0.0008432814
-16 -21 0.0008427579
-15 -21 0.0008332047
-14 -21 0.0008147561
-13 -21 0.0007876380
-12 -21 0.0007521660
-11 -21 0.0007087409
-10 -21 0.0006578447
-9 -21 0.0006000348
-8 -21 0.0005359384
-7 -21 0.0004662448
-6 -21 0.0003916985
-5 -21 0.0003130909
-4 -21 0.0002312519
-3 -21 0.0001470405
-2 -21 0.0000613364
-1 -21 -0.0000249699
0 -21 -0.0001109864
1 -21 -0.0001958287
2 -21 -0.0002786294
3 -21 -0.0003585468
4 -21 -0.0004347739
5 -21 -0.0005065460
6 -21 -0.0005731488
7 -21 -0.0006339251
8 -21 -0.0006882812
9 -21 -0.0007356929
10 -21 -0.0007757097
11 -21 -0.0008079595
12 -21 -0.0008321512
13 -21 -0.0008480776
14 -21 -0.0008556164
15 -21 -0.0008547310
16 -21 -0.0008454699
17 -21 -0.0008279659
18 -21 -0.0008024338
19 -21 -0.0007691679
20 -21 -0.0007285380
21 -21 -0.0006809854
22 -21 -0.0006270178
23 -21 -0.0005672040
24 -21 -0.0005021673
25 -21 -0.0004325793
26 -21 -0.0003591529
27 -21 -0.0002826344
28 -21 -0.0002037965
29 -21 -0.0001234301
30 -21 -0.0000423365
31 -21 -0.0000000000
-31 -20 0.0000000000
-30 -20 0.0001449857
-29 -20 0.0002404502
-28 -20 0.0003327711
-27 -20 0.0004209953
-26 -20 0.0005042170
-25 -20 0.0005815874
-24 -20 0.0006523223
-23 -20 0.0007157103
-22 -20 0.0007711197
-21 -20 0.0008180044
-20 -20 0.0008559093
-19 -20 0.0008844749
-18 -20 0.0009034398
-17 -20 0.0009126438
-16 -20 0.0009120290
-15 -20 0.0009016395
-14 -20 0.0008816211
-13 -20 0.0008522192
-12 -20 0.0008137756
-11 -20 0.0007667249
-10 -20 0.0007115891
-9 -20 0.0006489722
-8 -20 0.0005795533
-7 -20 0.0005040792
-6 -20 0.0004233559
-5 -20 0.0003382404
-4 -20 0.0002496311
-3 -20 0.0001584583
-2 -20 0.0000656742
-1 -20 -0.0000277572
0 -20 -0.0001208703
1 -20 -0.0002127078
2 -20 -0.0003023308
3 -20 -0.0003888284
4 -20 -0.0004713271
5 -20 -0.0005489994
6 -20 -0.0006210723
7 -20 -0.0006868346
8 -20 -0.0007456440
9 -20 -0.0007969333
10 -20 -0.0008402152
11 -20 -0.0008750872
12 -20 -0.0009012348
13 -20 -0.0009184338
14 -20 -0.0009265522
15 -20 -0.0009255508
16 -20 -0.0009154824
17 -20 -0.0008964913
18 -20 -0.0008688103
19 -20 -0.0008327582
20 -20 -0.0007887357
21 -20 -0.0007372208
22 -20 -0.0006787635
23 -20 -0.0006139796
24 -20 -0.0005435442
25 -20 -0.0004681846
26 -20 -0.0003886724
27 -20 -0.0003058159
28 -20 -0.0002204516
29 -20 -0.0001334358
30 -20 -0.0000456357
31 -20 -0.0000000000
-31 -19 0.0000000000
-30 -19 0.0001558209
-29 -19 0.0002582778
-28 -19 0.0003573565
-27 -19 0.0004520337
-26 -19 0.0005413375
-25 -19 0.0006243567
-24 -19 0.0007002499
-23 -19 0.0007682536
-22 -19 0.0008276900
-21 -19 0.0008779735
-20 -19 0.0009186159
-19 -19 0.0009492315
-18 -19 0.0009695405
-17 -19 0.0009793715
-16 -19 0.0009786625
-15 -19 0.0009674618
-14 -19 0.0009459262
-13 -19 0.0009143196
-12 -19 0.0008730095
-11 -19 0.0008224628
-10 -19 0.0007632403
-9 -19 0.0006959908
-8 -19 0.0006214435
-7 -19 0.0005404003
-6 -19 0.0004537269
-5 -19 0.0003623432
-4 -19 0.0002672137
-3 -19 0.0001693373
-2 -19 0.0000697359
-1 -19 -0.0000305557
0 -19 -0.0001305008
1 -19 -0.0002290722
2 -19 -0.0003252621
3 -19 -0.0004180929
4 -19 -0.0005066273
5 -19 -0.0005899772
6 -19 -0.0006673131
7 -19 -0.0007378720
8 -19 -0.0008009648
9 -19 -0.0008559829
10 -19 -0.0009024038
11 -19 -0.0009397955
12 -19 -0.0009678210
13 -19 -0.0009862399
14 -19 -0.0009949110
15 -19 -0.0009937925
16 -19 -0.0009829417
17 -19 -0.0009625134
18 -19 -0.0009327581
19 -19 -0.0008940183
20 -19 -0.0008467245
21 -19 -0.0007913900
22 -19 -0.0007286054
23 -19 -0.0006590320
24 -19 -0.0005833948
25 -19 -0.0005024744
26 -19 -0.0004170994
27 -19 -0.0003281375
28 -19 -0.0002364867
29 -19 -0.0001430662
30 -19 -0.0000488070
31 -19 -0.0000000000
-31 -18 0.0000000000
-30 -18 0.0001662153
-29 -18 0.0002753746
-28 -18 0.0003809304
-27 -18 0.0004817922
-26 -18 0.0005769244
-25 -18 0.0006653562
-24 -18 0.0007461910
-23 -18 0.0008186158
-22 -18 0.0008819086
-21 -18 0.0009354456
-20 -18 0.0009787072
-19 -18 0.0010112827
-18 -18 0.0010328746
-17 -18 0.0010433006
-16 -18 0.0010424954
-15 -18 0.0010305107
-14 -18 0.0010075144
-13 -18 0.0009737880
-12 -18 0.0009297238
-11 -18 0.0008758197
-10 -18 0.0008126737
-9 -18 0.0007409777
-8 -18 0.0006615090
-7 -18 0.0005751224
-6 -18 0.0004827405
-5 -18 0.0003853440
-4 -18 0.0002839608
-3 -18 0.0001796551
-2 -18 0.0000735162
-1 -18 -0.0000333534
0 -18 -0.0001398491
1 -18 -0.0002448763
2 -18 -0.0003473614
3 -18 -0.0004462629
4 -18 -0.0005405820
5 -18 -0.0006293729
6 -18 -0.0007117519
7 -18 -0.0007869063
8 -18 -0.0008541022
9 -18 -0.0009126912
10 -18 -0.0009621171
11 -18 -0.0010019200
12 -18 -0.0010317409
13 -18 -0.0010513244
14 -18 -0.0010605202
15 -18 -0.0010592841
16 -18 -0.0010476774
17 -18 -0.0010258658
18 -18 -0.0009941164
19 -18 -0.0009527944
20 -18 -0.0009023588
21 -18 -0.0008433569
22 -18 -0.0007764185
23 -18 -0.0007022483
24 -18 -0.0006216190
25 -18 -0.0005353628
26 -18 -0.0004443626
27 -18 -0.0003495433
28 -18 -0.0002518617
29 -18 -0.0001522973
30 -18 -0.0000518422
31 -18 -0.0000000000
-31 -17 0.0000000000
-30 -17 0.0001761425
-29 -17 0.0002916976
-28 -17 0.0004034335
-27 -17 0.0005101959
-26 -17 0.0006108881
-25 -17 0.0007044826
-24 -17 0.0007900304
-23 -17 0.0008666707
-22 -17 0.0009336397
-21 -17 0.0009902770
-20 -17 0.0010360332
-19 -17 0.0010704738
-18 -17 0.0010932844
-17 -17 0.0011042724
-16 -17 0.0011033692
-15 -17 0.0010906302
-14 -17 0.0010662336
-13 -17 0.0010304781
-12 -17 0.0009837795
-11 -17 0.0009266653
-10 -17 0.0008597694
-9 -17 0.0007838244
-8 -17 0.0006996539
-7 -17 0.0006081632
-6 -17 0.0005103293
-5 -17 0.0004071908
-4 -17 0.0002998361
-3 -17 0.0001893920
-2 -17 0.0000770119
-1 -17 -0.0000361369
0 -17 -0.0001488851
1 -17 -0.0002600739
2 -17 -0.0003685666
3 -17 -0.0004732608
4 -17 -0.0005730994
5 -17 -0.0006670811
6 -17 -0.0007542707
7 -17 -0.0008338080
8 -17 -0.0009049163
9 -17 -0.0009669097
10 -17 -0.0010191994
11 -17 -0.0010612990
12 -17 -0.0010928288
13 -17 -0.0011135187
14 -17 -0.0011232100
15 -17 -0.0011218564
16 -17 -0.0011095230
17 -17 -0.0010863856
18 -17 -0.0010527274
19 -17 -0.0010089354
20 -17 -0.0009554958
21 -17 -0.0008929885
22 -17 -0.0008220804
23 -17 -0.0007435179
24 -17 -0.0006581193
25 -17 -0.0005667658
26 -17 -0.0004703925
27 -17 -0.0003699786
28 -17 -0.0002665372
29 -17 -0.0001611054
30 -17 -0.0000547337
31 -17 -0.0000000000
-31 -16 0.0000000000
-30 -16 0.0001855773
-29 -16 0.0003072050
-28 -16 0.0004248083
-27 -16 0.0005371721
-26 -16 0.0006431420
-25 -16 0.0007416363
-24 -16 0.0008316563
-23 -16 0.0009122961
-22 -16 0.0009827517
-21 -16 0.0010423287
-20 -16 0.0010904487
-19 -16 0.0011266553
-18 -16 0.0011506175
-17 -16 0.0011621333
-16 -16 0.0011611312
-15 -16 0.0011476699
-14 -16 0.0011219375
-13 -16 0.0010842491
-12 -16 0.0010350429
-11 -16 0.0009748747
-10 -16 0.0009044122
-9 -16 0.0008244272
-8 -16 0.0007357870
-7 -16 0.0006394448
-6 -16 0.0005364296
-5 -16 0.0004278348
-4 -16 0.0003148063
-3 -16 0.0001985306
-2 -16 0.0000802217
-1 -16 -0.0000388914
0 -16 -0.0001575780
1 -16 -0.0002746182
2 -16 -0.0003888156
3 -16 -0.0004990099
4 -16 -0.0006040886
5 -16 -0.0007029978
6 -16 -0.0007947533
7 -16 -0.0008784500
8 -16 -0.0009532704
9 -16 -0.0010184930
10 -16 -0.0010734983
11 -16 -0.0011177746
12 -16 -0.0011509227
13 -16 -0.0011726584
14 -16 -0.0011828152
15 -16 -0.0011813447
16 -16 -0.0011683159
17 -16 -0.0011439141
18 -16 -0.0011084377
19 -16 -0.0010622946
20 -16 -0.0010059969
21 -16 -0.0009401553
22 -16 -0.0008654721
23 -16 -0.0007827333
24 -16 -0.0006928006
25 -16 -0.0005966018
26 -16 -0.0004951215
27 -16 -0.0003893903
28 -16 -0.0002804752
29 -16 -0.0001694678
30 -16 -0.0000574739
31 -16 -0.0000000000
-31 -15 0.0000000000
-30 -15 0.0001944951
-29 -15 0.0003218565
-28 -15 0.0004449994
-27 -15 0.0005626511
-26 -15 0.0006736027
-25 -15 0.0007767214
-24 -15 0.0008709614
-23 -15 0.0009553744
-22 -15 0.0010291186
-21 -15 0.0010914671
-20 -15 0.0011418147
-19 -15 0.0011796836
-18 -15 0.0012047279
-17 -15 0.0012167367
-16 -15 0.0012156353
-15 -15 0.0012014859
-14 -15 0.0011744862
-13 -15 0.0011349667
-12 -15 0.0010833866
-11 -15 0.0010203288
-10 -15 0.0009464929
-9 -15 0.0008626876
-8 -15 0.0007698216
-7 -15 0.0006688936
-6 -15 0.0005609815
-5 -15 0.0004472306
-4 -15 0.0003288412
-3 -15 0.0002070559
-2 -15 0.0000831462
-1 -15 -0.0000416008
0 -15 -0.0001658962
1 -15 -0.0002884624
2 -15 -0.0004080469
3 -15 -0.0005234346
4 -15 -0.0006334604
5 -15 -0.0007370212
6 -15 -0.0008330863
7 -15 -0.0009207082
8 -15 -0.0009990312
9 -15 -0.0010672998
10 -15 -0.0011248657
11 -15 -0.0011711934
12 -15 -0.0012058652
13 -15 -0.0012285839
14 -15 -0.0012391754
15 -15 -0.0012375894
16 -15 -0.0012238986
17 -15 -0.0011982974
18 -15 -0.0011610987
19 -15 -0.0011127299
20 -15 -0.0010537278
21 -15 -0.0009847321
22 -15 -0.0009064786
23 -15 -0.0008197908
24 -15 -0.0007255714
25 -15 -0.0006247921
26 -15 -0.0005184842
27 -15 -0.0004077274
28 -15 -0.0002936390
29 -15 -0.0001773623
30 -15 -0.0000600555
31 -15 -0.0000000000
-31 -14 0.0000000000
-30 -14 0.0002028725
-29 -14 0.0003356138
-28 -14 0.0004639539
-27 -14 0.0005865662
-26 -14 0.0007021905
-25 -14 0.0008096462
-24 -14 0.0009078434
-23 -14 0.0009957937
-22 -14 0.0010726200
-21 -14 0.0011375650
-20 -14 0.0011899983
-19 -14 0.0012294222
-18 -14 0.0012554768
-17 -14 0.0012679426
-16 -14 0.0012667424
-15 -14 0.0012519417
-14 -14 0.0012237470
-13 -14 0.0011825033
-12 -14 0.0011286900
-11 -14 0.0010629150
-10 -14 0.0009859081
-9 -14 0.0008985128
-8 -14 0.0008016766
-7 -14 0.0006964409
-6 -14 0.0005839295
-5 -14 0.0004653364
-4 -14 0.0003419131
-3 -14 0.0002149550
-2 -14 0.0000857874
-1 -14 -0.0000442481
0 -14 -0.0001738078
1 -14 -0.0003015604
2 -14 -0.0004262002
3 -14 -0.0005464608
4 -14 -0.0006611282
5 -14 -0.0007690525
6 -14 -0.0008691598
7 -14 -0.0009604628
8 -14 -0.0010420697
9 -14 -0.0011131935
10 -14 -0.0011731588
11 -14 -0.0012214077
12 -14 -0.0012575051
13 -14 -0.0012811417
14 -14 -0.0012921365
15 -14 -0.0012904372
16 -14 -0.0012761201
17 -14 -0.0012493882
18 -14 -0.0012105679
19 -14 -0.0011601052
20 -14 -0.0010985598
21 -14 -0.0010265989
22 -14 -0.0009449897
23 -14 -0.0008545910
24 -14 -0.0007563437
25 -14 -0.0006512611
26 -14 -0.0005404183
27 -14 -0.0004249408
28 -14 -0.0003059934
29 -14 -0.0001847679
30 -14 -0.0000624715
31 -14 -0.0000000000
-31 -13 0.0000000000
-30 -13 0.0002106874
-29 -13 0.0003484404
-28 -13 0.0004816217
-27 -13 0.0006088542
-26 -13 0.0007288302
-25 -13 0.0008403243
-24 -13 0.0009422054
-23 -13 0.0010334481
-22 -13 0.0011131424
-21 -13 0.0011805024
-20 -13 0.0012348744
-19 -13 0.0012757423
-18 -13 0.0013027330
-17 -13 0.0013156194
-16 -13 0.0013143218
-15 -13 0.0012989086
-14 -13 0.0012695949
-13 -13 0.0012267392
-12 -13 0.0011708396
-11 -13 0.0011025277
-10 -13 0.0010225613
-9 -13 0.0009318162
-8 -13 0.0008312763
-7 -13 0.0007220227
-6 -13 0.0006052222
-5 -13 0.0004821142
-4 -13 0.0003539977
-3 -13 0.0002222174
-2 -13 0.0000881488
-1 -13 -0.0000468156
0 -13 -0.0001812813
1 -13 -0.0003138667
2 -13 -0.0004432166
3 -13 -0.0005680171
4 -13 -0.0006870081
5 -13 -0.0007989967
6 -13 -0.0009028684
7 -13 -0.0009975988
8 -13 -0.0010822628
9 -13 -0.0011560438
10 -13 -0.0012182412
11 -13 -0.0012682764
12 -13 -0.0013056980
13 -13 -0.0013301856
14 -13 -0.0013415515
15 -13 -0.0013397419
16 -13 -0.0013248364
17 -13 -0.0012970459
18 -13 -0.0012567096
19 -13 -0.0012042907
20 -13 -0.0011403704
21 -13 -0.0010656415
22 -13 -0.0009809007
23 -13 -0.0008870392
24 -13 -0.0007850341
25 -13 -0.0006759372
26 -13 -0.0005608643
27 -13 -0.0004409840
28 -13 -0.0003175051
29 -13 -0.0001916646
30 -13 -0.0000647156
31 -13 -0.0000000000
-31 -12 0.0000000000
-30 -12 0.0002179189
-29 -12 0.0003603023
-28 -12 0.0004979558
-27 -12 0.0006294560
-26 -12 0.0007534511
-25 -12 0.0008686744
-24 -12 0.0009739569
-23 -12 0.0010682387
-22 -12 0.0011505793
-21 -12 0.0012201669
-20 -12 0.0012763260
-19 -12 0.0013185236
-18 -12 0.0013463744
-17 -12 0.0013596443
-16 -12 0.0013582513
-15 -12 0.0013422669
-14 -12 0.0013119137
-13 -12 0.0012675631
-12 -12 0.0012097305
-11 -12 0.0011390691
-10 -12 0.0010563630
-9 -12 0.0009625178
-8 -12 0.0008585510
-7 -12 0.0007455806
-6 -12 0.0006248129
-5 -12 0.0004975295
-4 -12 0.0003650734
-3 -12 0.0002288346
-2 -12 0.0000902352
-1 -12 -0.0000492853
0 -12 -0.0001882856
1 -12 -0.0003253372
2 -12 -0.0004590398
3 -12 -0.0005880349
4 -12 -0.0007110204
5 -12 -0.0008267633
6 -12 -0.0009341119
7 -12 -0.0010320073
8 -12 -0.0011194937
9 -12 -0.0011957272
10 -12 -0.0012599839
11 -12 -0.0013116661
12 -12 -0.0013503076
13 -12 -0.0013755773
14 -12 -0.0013872818
15 -12 -0.0013853657
16 -12 -0.0013699117
17 -12 -0.0013411381
18 -12 -0.0012993960
19 -12 -0.0012451644
20 -12 -0.0011790445
21 -12 -0.0011017528
22 -12 -0.0010141129
23 -12 -0.0009170467
24 -12 -0.0008115642
25 -12 -0.0006987529
26 -12 -0.0005797667
27 -12 -0.0004558133
28 -12 -0.0003281427
29 -12 -0.0001980337
30 -12 -0.0000667815
31 -12 -0.0000000000
-31 -11 0.0000000000
-30 -11 0.0002245478
-29 -11 0.0003711677
-28 -11 0.0005129128
-27 -11 0.0006483171
-26 -11 0.0007759882
-25 -11 0.0008946219
-24 -11 0.0010030142
-23 -11 0.0011000739
-22 -11 0.0011848328
-21 -11 0.0012564550
-20 -11 0.0013142452
-19 -11 0.0013576550
-18 -11 0.0013862883
-17 -11 0.0013999040
-16 -11 0.0013984187
-15 -11 0.0013819063
-14 -11 0.0013505967
-13 -11 0.0013048728
-12 -11 0.0012452660
-11 -11 0.0011724495
-10 -11 0.0010872313
-9 -11 0.0009905445
-8 -11 0.0008834373
-7 -11 0.0007670615
-6 -11 0.0006426597
-5 -11 0.0005115520
-4 -11 0.0003751216
-3 -11 0.0002348001
-2 -11 0.0000920524
-1 -11 -0.0000516392
0 -11 -0.0001947903
1 -11 -0.0003359299
2 -11 -0.0004736159
3 -11 -0.0006064495
4 -11 -0.0007330898
5 -11 -0.0008522673
6 -11 -0.0009627960
7 -11 -0.0010635859
8 -11 -0.0011536529
9 -11 -0.0012321281
10 -11 -0.0012982663
11 -11 -0.0013514524
12 -11 -0.0013912065
13 -11 -0.0014171881
14 -11 -0.0014291982
15 -11 -0.0014271803
16 -11 -0.0014112197
17 -11 -0.0013815417
18 -11 -0.0013385082
19 -11 -0.0012826127
20 -11 -0.0012144748
21 -11 -0.0011348327
22 -11 -0.0010445348
23 -11 -0.0009445308
24 -11 -0.0008358610
25 -11 -0.0007196458
26 -11 -0.0005970735
27 -11 -0.0004693882
28 -11 -0.0003378773
29 -11 -0.0002038578
30 -11 -0.0000686636
31 -11 -0.0000000000
-31 -10 0.0000000000
-30 -10 0.0002305564
-29 -10 0.0003810079
-28 -10 0.0005264531
-27 -10 0.0006653874
-26 -10 0.0007963819
-25 -10 0.0009180983
-24 -10 0.0010293011
-23 -10 0.0011288706
-22 -10 0.0012158134
-21 -10 0.0012892723
-20 -10 0.0013485338
-19 -10 0.0013930359
-18 -10 0.0014223722
-17 -10 0.0014362960
-16 -10 0.0014347222
-15 -10 0.0014177270
-14 -10 0.0013855470
-13 -10 0.0013385758
-12 -10 0.0012773590
-11 -10 0.0012025882
-10 -10 0.0011150928
-9 -10 0.0010158309
-8 -10 0.0009058787
-7 -10 0.0007864183
-6 -10 0.0006587254
-5 -10 0.0005241549
-4 -10 0.0003841264
-3 -10 0.0002401094
-2 -10 0.0000936070
-1 -10 -0.0000538594
0 -10 -0.0002007665
1 -10 -0.0003456049
2 -10 -0.0004868946
3 -10 -0.0006232004
4 -10 -0.0007531464
5 -10 -0.0008754298
6 -10 -0.0009888340
7 -10 -0.0010922405
8 -10 -0.0011846396
9 -10 -0.0012651401
10 -10 -0.0013329774
11 -10 -0.0013875207
12 -10 -0.0014282778
13 -10 -0.0014548996
14 -10 -0.0014671822
15 -10 -0.0014650678
16 -10 -0.0014486445
17 -10 -0.0014181438
18 -10 -0.0013739372
19 -10 -0.0013165317
20 -10 -0.0012465634
21 -10 -0.0011647899
22 -10 -0.0010720825
23 -10 -0.0009694159
24 -10 -0.0008578580
25 -10 -0.0007385586
26 -10 -0.0006127375
27 -10 -0.0004816717
28 -10 -0.0003466822
29 -10 -0.0002091210
30 -10 -0.0000703569
31 -10 -0.0000000000
-31 -9 0.0000000000
-30 -9 0.0002359289
-29 -9 0.0003897970
-28 -9 0.0005385411
-27 -9 0.0006806223
-26 -9 0.0008145791
-25 -9 0.0009390426
-24 -9 0.0010527493
-23 -9 0.0011545542
-22 -9 0.0012434415
-21 -9 0.0013185346
-20 -9 0.0013791044
-19 -9 0.0014245762
-18 -9 0.0014545349
-17 -9 0.0014687287
-16 -9 0.0014670709
-15 -9 0.0014496402
-14 -9 0.0014166789
-13 -9 0.0013685901
-12 -9 0.0013059324
-11 -9 0.0012294135
-10 -9 0.0011398824
-9 -9 0.0010383193
-8 -9 0.0009258253
-7 -9 0.0008036099
-6 -9 0.0006729780
-5 -9 0.0005353157
-4 -9 0.0003920752
-3 -9 0.0002447595
-2 -9 0.0000949061
-1 -9 -0.0000559287
0 -9 -0.0002061872
1 -9 -0.0003543253
2 -9 -0.0004988296
3 -9 -0.0006382323
4 -9 -0.0007711261
5 -9 -0.0008961789
6 -9 -0.0010121464
7 -9 -0.0011178850
8 -9 -0.0012123622
9 -9 -0.0012946667
10 -9 -0.0013640168
11 -9 -0.0014197675
12 -9 -0.0014614158
13 -9 -0.0014886048
14 -9 -0.0015011265
15 -9 -0.0014989219
16 -9 -0.0014820815
17 -9 -0.0014508423
18 -9 -0.0014055847
19 -9 -0.0013468275
20 -9 -0.0012752215
21 -9 -0.0011915422
22 -9 -0.0010966806
23 -9 -0.0009916340
24 -9 -0.0008774950
25 -9 -0.0007554398
26 -9 -0.0006267162
27 -9 -0.0004926304
28 -9 -0.0003545338
29 -9 -0.0002138092
30 -9 -0.0000718567
31 -9 -0.0000000000
-31 -8 0.0000000000
-30 -8 0.0002406512
-29 -8 0.0003975122
-28 -8 0.0005491458
-27 -8 0.0006939828
-26 -8 0.0008305333
-25 -8 0.0009574014
-24 -8 0.0010732994
-23 -8 0.0011770598
-22 -8 0.0012676474
-21 -8 0.0013441687
-20 -8 0.0014058806
-19 -8 0.0014521977
-18 -8 0.0014826971
-17 -8 0.0014971226
-16 -8 0.0014953862
-15 -8 0.0014775687
-14 -8 0.0014439177
-13 -8 0.0013948445
-12 -8 0.0013309192
-11 -8 0.0012528638
-10 -8 0.0011615442
-9 -8 0.0010579602
-8 -8 0.0009432347
-7 -8 0.0008186013
-6 -8 0.0006853905
-5 -8 0.0005450157
-4 -8 0.0003989577
-3 -8 0.0002487491
-2 -8 0.0000959574
-1 -8 -0.0000578308
0 -8 -0.0002110271
1 -8 -0.0003620576
2 -8 -0.0005093791
3 -8 -0.0006514954
4 -8 -0.0007869718
5 -8 -0.0009144504
6 -8 -0.0010326629
7 -8 -0.0011404434
8 -8 -0.0012367395
9 -8 -0.0013206223
10 -8 -0.0013912953
11 -8 -0.0014481009
12 -8 -0.0014905268
13 -8 -0.0015182093
14 -8 -0.0015309364
15 -8 -0.0015286487
16 -8 -0.0015114383
17 -8 -0.0014795474
18 -8 -0.0014333641
19 -8 -0.0013734175
20 -8 -0.0013003715
21 -8 -0.0012150168
22 -8 -0.0011182624
23 -8 -0.0010111252
24 -8 -0.0008947192
25 -8 -0.0007702441
26 -8 -0.0006389721
27 -8 -0.0005022351
28 -8 -0.0003614110
29 -8 -0.0002179098
30 -8 -0.0000731592
31 -8 -0.0000000000
-31 -7 0.0000000000
-30 -7 0.0002447117
-29 -7 0.0004041344
-28 -7 0.0005582408
-27 -7 0.0007054357
-26 -7 0.0008442048
-25 -7 0.0009731295
-24 -7 0.0010909008
-23 -7 0.0011963324
-22 -7 0.0012883722
-21 -7 0.0013661123
-20 -7 0.0014287979
-19 -7 0.0014758340
-18 -7 0.0015067916
-17 -7 0.0015214105
-16 -7 0.0015196017
-15 -7 0.0015014478
-14 -7 0.0014672010
-13 -7 0.0014172797
-12 -7 0.0013522638
-11 -7 0.0012728877
-10 -7 0.0011800317
-9 -7 0.0010747126
-8 -7 0.0009580720
-7 -7 0.0008313640
-6 -7 0.0006959412
-5 -7 0.0005532404
-4 -7 0.0004047669
-3 -7 0.0002520784
-2 -7 0.0000967684
-1 -7 -0.0000595505
0 -7 -0.0002152638
1 -7 -0.0003687717
2 -7 -0.0005185061
3 -7 -0.0006629460
4 -7 -0.0008006336
5 -7 -0.0009301887
6 -7 -0.0010503223
7 -7 -0.0011598496
8 -7 -0.0012577012
9 -7 -0.0013429332
10 -7 -0.0014147362
11 -7 -0.0014724421
12 -7 -0.0015155304
13 -7 -0.0015436317
14 -7 -0.0015565308
15 -7 -0.0015541675
16 -7 -0.0015366358
17 -7 -0.0015041821
18 -7 -0.0014572011
19 -7 -0.0013962309
20 -7 -0.0013219465
21 -7 -0.0012351519
22 -7 -0.0011367712
23 -7 -0.0010278383
24 -7 -0.0009094857
25 -7 -0.0007829329
26 -7 -0.0006494733
27 -7 -0.0005104608
28 -7 -0.0003672961
29 -7 -0.0002214124
30 -7 -0.0000742610
31 -7 -0.0000000000
-31 -6 0.0000000000
-30 -6 0.0002481005
-29 -6 0.0004096478
-28 -6 0.0005658045
-27 -6 0.0007149541
-26 -6 0.0008555618
-25 -6 0.0009861902
-24 -6 0.0011055127
-23 -6 0.0012123274
-22 -6 0.0013055682
-21 -6 0.0013843153
-20 -6 0.0014478040
-19 -6 0.0014954320
-18 -6 0.0015267645
-17 -6 0.0015415384
-16 -6 0.0015396641
-15 -6 0.0015212254
-14 -6 0.0014864785
-13 -6 0.0014358478
-12 -6 0.0013699215
-11 -6 0.0012894441
-10 -6 0.0011953081
-9 -6 0.0010885443
-8 -6 0.0009703099
-7 -6 0.0008418760
-6 -6 0.0007046136
-5 -6 0.0005599791
-4 -6 0.0004094980
-3 -6 0.0002547489
-2 -6 0.0000973469
-1 -6 -0.0000610738
0 -6 -0.0002188772
1 -6 -0.0003744421
2 -6 -0.0005261792
3 -6 -0.0006725475
4 -6 -0.0008120695
5 -6 -0.0009433468
6 -6 -0.0010650734
7 -6 -0.0011760486
8 -6 -0.0012751889
9 -6 -0.0013615381
10 -6 -0.0014342759
11 -6 -0.0014927257
12 -6 -0.0015363599
13 -6 -0.0015648048
14 -6 -0.0015778424
15 -6 -0.0015754118
16 -6 -0.0015576087
17 -6 -0.0015246828
18 -6 -0.0014770345
19 -6 -0.0014152094
20 -6 -0.0013398917
21 -6 -0.0012518964
22 -6 -0.0011521603
23 -6 -0.0010417313
24 -6 -0.0009217574
25 -6 -0.0007934745
26 -6 -0.0006581937
27 -6 -0.0005172872
28 -6 -0.0003721745
29 -6 -0.0002243084
30 -6 -0.0000751594
31 -6 -0.0000000000
-31 -5 0.0000000000
-30 -5 0.0002508102
-29 -5 0.0004140402
-28 -5 0.0005718204
-27 -5 0.0007225172
-26 -5 0.0008645798
-25 -5 0.0009965554
-24 -5 0.0011171040
-23 -5 0.0012250109
-22 -5 0.0013191992
-21 -5 0.0013987396
-20 -5 0.0014628598
-19 -5 0.0015109512
-18 -5 0.0015425751
-17 -5 0.0015574658
-16 -5 0.0015555333
-15 -5 0.0015368626
-14 -5 0.0015017129
-13 -5 0.0014505137
-12 -5 0.0013838595
-11 -5 0.0013025030
-10 -5 0.0012073465
-9 -5 0.0010994319
-8 -5 0.0009799289
-7 -5 0.0008501219
-6 -5 0.0007113969
-5 -5 0.0005652254
-4 -5 0.0004131491
-3 -5 0.0002567635
-2 -5 0.0000977004
-1 -5 -0.0000623888
0 -5 -0.0002218507
1 -5 -0.0003790473
2 -5 -0.0005323728
3 -5 -0.0006802698
4 -5 -0.0008212458
5 -5 -0.0009538876
6 -5 -0.0010768757
7 -5 -0.0011889969
8 -5 -0.0012891566
9 -5 -0.0013763887
10 -5 -0.0014498644
11 -5 -0.0015089003
12 -5 -0.0015529635
13 -5 -0.0015816764
14 -5 -0.0015948189
15 -5 -0.0015923299
16 -5 -0.0015743062
17 -5 -0.0015410003
18 -5 -0.0014928170
19 -5 -0.0014303079
20 -5 -0.0013541646
21 -5 -0.0012652109
22 -5 -0.0011643935
23 -5 -0.0010527716
24 -5 -0.0009315056
25 -5 -0.0008018444
26 -5 -0.0006651131
27 -5 -0.0005226984
28 -5 -0.0003760351
29 -5 -0.0002265910
30 -5 -0.0000758526
31 -5 -0.0000000000
-31 -4 0.0000000000
-30 -4 0.0002528356
-29 -4 0.0004173036
-28 -4 0.0005762775
-27 -4 0.0007281113
-26 -4 0.0008712422
-25 -4 0.0010042065
-24 -4 0.0011256538
-23 -4 0.0012343603
-22 -4 0.0013292411
-21 -4 0.0014093600
-20 -4 0.0014739389
-19 -4 0.0015223650
-18 -4 0.0015541965
-17 -4 0.0015691661
-16 -4 0.0015671831
-15 -4 0.0015483340
-14 -4 0.0015128801
-13 -4 0.0014612545
-12 -4 0.0013940567
-11 -4 0.0013120454
-10 -4 0.0012161303
-9 -4 0.0011073613
-8 -4 0.0009869174
-7 -4 0.0008560932
-6 -4 0.0007162853
-5 -4 0.0005689767
-4 -4 0.0004157210
-3 -4 0.0002581259
-2 -4 0.0000978359
-1 -4 -0.0000634849
0 -4 -0.0002241707
1 -4 -0.0003825709
2 -4 -0.0005370673
3 -4 -0.0006860909
4 -4 -0.0008281376
5 -4 -0.0009617837
6 -4 -0.0010856995
7 -4 -0.0011986630
8 -4 -0.0012995711
9 -4 -0.0013874504
10 -4 -0.0014614661
11 -4 -0.0015209295
12 -4 -0.0015653040
13 -4 -0.0015942091
14 -4 -0.0016074234
15 -4 -0.0016048853
16 -4 -0.0015866925
17 -4 -0.0015530998
18 -4 -0.0015045152
19 -4 -0.0014414947
20 -4 -0.0013647354
21 -4 -0.0012750676
22 -4 -0.0011734456
23 -4 -0.0010609367
24 -4 -0.0009387105
25 -4 -0.0008080257
26 -4 -0.0006702176
27 -4 -0.0005266838
28 -4 -0.0003788701
29 -4 -0.0002282560
30 -4 -0.0000763392
31 -4 -0.0000000000
-31 -3 0.0000000000
-30 -3 0.0002541739
-29 -3 0.0004194334
-28 -3 0.0005791698
-27 -3 0.0007317290
-26 -3 0.0008755406
-25 -3 0.0010091337
-24 -3 0.0011311514
-23 -3 0.0012403642
-22 -3 0.0013356818
-21 -3 0.0014161638
-20 -3 0.0014810285
-19 -3 0.0015296605
-18 -3 0.0015616158
-17 -3 0.0015766264
-16 -3 0.0015746014
-15 -3 0.0015556280
-14 -3 0.0015199691
-13 -3 0.0014680602
-12 -3 0.0014005041
-11 -3 0.0013180636
-10 -3 0.0012216529
-9 -3 0.0011123275
-8 -3 0.0009912721
-7 -3 0.0008597879
-6 -3 0.0007192786
-5 -3 0.0005712344
-4 -3 0.0004172167
-3 -3 0.0002588411
-2 -3 0.0000977601
-1 -3 -0.0000643541
0 -3 -0.0002258274
1 -3 -0.0003850012
2 -3 -0.0005402497
3 -3 -0.0006899960
4 -3 -0.0008327290
5 -3 -0.0009670180
6 -3 -0.0010915269
7 -3 -0.0012050278
8 -3 -0.0013064124
9 -3 -0.0013947027
10 -3 -0.0014690599
11 -3 -0.0015287920
12 -3 -0.0015733600
13 -3 -0.0016023816
14 -3 -0.0016156346
15 -3 -0.0016130570
16 -3 -0.0015947473
17 -3 -0.0015609617
18 -3 -0.0015121103
19 -3 -0.0014487520
20 -3 -0.0013715875
21 -3 -0.0012814514
22 -3 -0.0011793026
23 -3 -0.0010662141
24 -3 -0.0009433611
25 -3 -0.0008120089
26 -3 -0.0006734994
27 -3 -0.0005292373
28 -3 -0.0003806756
29 -3 -0.0002293009
30 -3 -0.0000766188
31 -3 -0.0000000000
-31 -2 0.0000000000
-30 -2 0.0002548246
-29 -2 0.0004204292
-28 -2 0.0005804970
-27 -2 0.0007333701
-26 -2 0.0008774747
-25 -2 0.0010113369
-24 -2 0.0011335969
-23 -2 0.0012430227
-22 -2 0.0013385216
-21 -2 0.0014191516
-20 -2 0.0014841294
-19 -2 0.0015328385
-18 -2 0.0015648343
-17 -2 0.0015798483
-16 -2 0.0015777899
-15 -2 0.0015587466
-14 -2 0.0015229823
-13 -2 0.0014709337
-12 -2 0.0014032051
-11 -2 0.0013205611
-10 -2 0.0012239183
-9 -2 0.0011143345
-8 -2 0.0009929973
-7 -2 0.0008612108
-6 -2 0.0007203818
-5 -2 0.0005720038
-4 -2 0.0004176418
-3 -2 0.0002589148
-2 -2 0.0000974790
-1 -2 -0.0000649899
0 -2 -0.0002268143
1 -2 -0.0003863319
2 -2 -0.0005419134
3 -2 -0.0006919787
4 -2 -0.0008350135
5 -2 -0.0009695838
6 -2 -0.0010943512
7 -2 -0.0012080848
8 -2 -0.0013096742
9 -2 -0.0013981393
10 -2 -0.0014726396
11 -2 -0.0015324819
12 -2 -0.0015771257
13 -2 -0.0016061884
14 -2 -0.0016194471
15 -2 -0.0016168401
16 -2 -0.0015984660
17 -2 -0.0015645816
18 -2 -0.0015155983
19 -2 -0.0014520761
20 -2 -0.0013747175
21 -2 -0.0012843590
22 -2 -0.0011819618
23 -2 -0.0010686013
24 -2 -0.0009454555
25 -2 -0.0008137926
26 -2 -0.0006749575
27 -2 -0.0005303582
28 -2 -0.0003814509
29 -2 -0.0002297257
30 -2 -0.0000766914
31 -2 -0.0000000000
-31 -1 0.0000000000
-30 -1 0.0002547896
-29 -1 0.0004202945
-28 -1 0.0005802639
-27 -1 0.0007330408
-26 -1 0.0008770523
-25 -1 0.0010108252
-24 -1 0.0011330006
-23 -1 0.0012423471
-22 -1 0.0013377730
-21 -1 0.0014183367
-20 -1 0.0014832557
-19 -1 0.0015319139
-18 -1 0.0015638672
-17 -1 0.0015788475
-16 -1 0.0015767646
-15 -1 0.0015577060
-14 -1 0.0015219358
-13 -1 0.0014698907
-12 -1 0.0014021748
-11 -1 0.0013195527
-10 -1 0.0012229405
-9 -1 0.0011133958
-8 -1 0.0009921055
-7 -1 0.0008603734
-6 -1 0.0007196053
-5 -1 0.0005712943
-4 -1 0.0004170044
-3 -1 0.0002583538
-2 -1 0.0000969979
-1 -1 -0.0000653886
0 -1 -0.0002271289
1 -1 -0.0003865617
2 -1 -0.0005420586
3 -1 -0.0006920404
4 -1 -0.0008349936
5 -1 -0.0009694853
6 -1 -0.0010941775
7 -1 -0.0012078402
8 -1 -0.0013093637
9 -1 -0.0013977683
10 -1 -0.0014722143
11 -1 -0.0015320085
12 -1 -0.0015766113
13 -1 -0.0016056399
14 -1 -0.0016188718
15 -1 -0.0016162454
16 -1 -0.0015978593
17 -1 -0.0015639704
18 -1 -0.0015149898
19 -1 -0.0014514773
20 -1 -0.0013741353
21 -1 -0.0012837999
22 -1 -0.0011814319
23 -1 -0.0010681064
24 -1 -0.0009450009
25 -1 -0.0008133830
26 -1 -0.0006745971
27 -1 -0.0005300506
28 -1 -0.0003811992
29 -1 -0.0002295324
30 -1 -0.0000765582
31 -1 -0.0000000000
-31 0 0.0000000000
-30 0 0.0002540733
-29 0 0.0004190367
-28 0 0.0005784810
-27 0 0.0007307545
-26 0 0.0008742893
-25 0 0.0010076171
-24 0 0.0011293832
-23 0 0.0012383605
-22 0 0.0013334607
-21 0 0.0014137455
-20 0 0.0014784350
-19 0 0.0015269153
-18 0 0.0015587440
-17 0 0.0015736539
-16 0 0.0015715553
-15 0 0.0015525357
-14 0 0.0015168586
-13 0 0.0014649594
-12 0 0.0013974405
-11 0 0.0013150643
-10 0 0.0012187439
-9 0 0.0011095338
-8 0 0.0009886172
-7 0 0.0008572937
-6 0 0.0007169648
-5 0 0.0005691188
-4 0 0.0004153147
-3 0 0.0002571656
-2 0 0.0000963215
-1 0 -0.0000655483
0 0 -0.0002267723
1 0 -0.0003856946
2 0 -0.0005406921
3 0 -0.0006901907
4 0 -0.0008326817
5 0 -0.0009667369
6 0 -0.0010910226
7 0 -0.0012043129
8 0 -0.0013055016
9 0 -0.0013936122
10 0 -0.0014678075
11 0 -0.0015273970
12 0 -0.0015718425
13 0 -0.0016007626
14 0 -0.0016139356
15 0 -0.0016112999
16 0 -0.0015929542
17 0 -0.0015591543
18 0 -0.0015103102
19 0 -0.0014469801
20 0 -0.0013698641
21 0 -0.0012797958
22 0 -0.0011777330
23 0 -0.0010647476
24 0 -0.0009420133
25 0 -0.0008107940
26 0 -0.0006724299
27 0 -0.0005283239
28 0 -0.0003799274
29 0 -0.0002287252
30 0 -0.0000762206
31 0 -0.0000000000
-31 1 0.0000000000
-30 1 0.0002526823
-29 1 0.0004166671
-28 1 0.0005751640
-27 1 0.0007265310
-26 1 0.0008692097
-25 1 0.0010017401
-24 1 0.0011227758
-23 1 0.0012310968
-22 1 0.0013256215
-21 1 0.0014054170
-20 1 0.0014697082
-19 1 0.0015178850
-18 1 0.0015495077
-17 1 0.0015643109
-16 1 0.0015622056
-15 1 0.0015432790
-14 1 0.0015077930
-13 1 0.0014561808
-12 1 0.0013890414
-11 1 0.0013071327
-10 1 0.0012113628
-9 1 0.0011027798
-8 1 0.0009825603
-7 1 0.0008519963
-6 1 0.0007124810
-5 1 0.0005654941
-4 1 0.0004125853
-3 1 0.0002553584
-2 1 0.0000954536
-1 1 -0.0000654695
0 1 -0.0002257493
1 1 -0.0003837398
2 1 -0.0005378272
3 1 -0.0006864469
4 1 -0.0008280989
5 1 -0.0009613635
6 1 -0.0010849149
7 1 -0.0011975344
8 1 -0.0012981220
9 1 -0.0013857074
10 1 -0.0014594581
11 1 -0.0015186875
12 1 -0.0015628608
13 1 -0.0015915988
14 1 -0.0016046809
15 1 -0.0016020462
16 1 -0.0015837925
17 1 -0.0015501745
18 1 -0.0015015996
19 1 -0.0014386228
20 1 -0.0013619402
21 1 -0.0012723806
22 1 -0.0011708964
23 1 -0.0010585531
24 1 -0.0009365179
25 1 -0.0008060473
26 1 -0.0006684738
27 1 -0.0005251922
28 1 -0.0003776457
29 1 -0.0002273104
30 1 -0.0000756811
31 1 -0.0000000000
-31 2 0.0000000000
-30 2 0.0002506256
-29 2 0.0004132005
-28 2 0.0005703336
-27 2 0.0007203968
-26 2 0.0008618450
-25 2 0.0009932308
-24 2 0.0011132193
-23 2 0.0012206011
-22 2 0.0013143037
-21 2 0.0013934025
-20 2 0.0014571290
-19 2 0.0015048785
-18 2 0.0015362151
-17 2 0.0015508759
-16 2 0.0015487727
-15 2 0.0015299921
-14 2 0.0014947940
-13 2 0.0014436080
-12 2 0.0013770280
-11 2 0.0012958055
-10 2 0.0012008411
-9 2 0.0010931740
-8 2 0.0009739706
-7 2 0.0008445120
-6 2 0.0007061796
-5 2 0.0005604404
-4 2 0.0004088310
-3 2 0.0002529413
-2 2 0.0000943975
-1 2 -0.0000651549
0 2 -0.0002240686
1 2 -0.0003807115
2 2 -0.0005334839
3 2 -0.0006808343
4 2 -0.0008212757
5 2 -0.0009534004
6 2 -0.0010758940
7 2 -0.0011875481
8 2 -0.0012872723
9 2 -0.0013741043
10 2 -0.0014472188
11 2 -0.0015059351
12 2 -0.0015497228
13 2 -0.0015782059
14 2 -0.0015911659
15 2 -0.0015885421
16 2 -0.0015704316
17 2 -0.0015370869
18 2 -0.0014889120
19 2 -0.0014264572
20 2 -0.0013504127
21 2 -0.0012616002
22 2 -0.0011609642
23 2 -0.0010495612
24 2 -0.0009285484
25 2 -0.0007991719
26 2 -0.0006627529
27 2 -0.0005206747
28 2 -0.0003743679
29 2 -0.0002252965
30 2 -0.0000749427
31 2 -0.0000000000
-31 3 0.0000000000
-30 3 0.0002479143
-29 3 0.0004086558
-28 3 0.0005640158
-27 3 0.0007123847
-26 3 0.0008522346
-25 3 0.0009821345
-24 3 0.0011007646
-23 3 0.0012069289
-22 3 0.0012995673
-21 3 0.0013777654
-20 3 0.0014407636
-19 3 0.0014879640
-18 3 0.0015189357
-17 3 0.0015334190
-16 3 0.0015313265
-15 3 0.0015127442
-14 3 0.0014779291
-13 3 0.0014273059
-12 3 0.0013614621
-11 3 0.0012811408
-10 3 0.0011872325
-9 3 0.0010807647
-8 3 0.0009628910
-7 3 0.0008348778
-6 3 0.0006980913
-5 3 0.0005539817
-4 3 0.0004040686
-3 3 0.0002499239
-2 3 0.0000931556
-1 3 -0.0000646093
0 3 -0.0002217420
1 3 -0.0003766290
2 3 -0.0005276881
3 3 -0.0006733856
4 3 -0.0008122510
5 3 -0.0009428925
6 3 -0.0010640103
7 3 -0.0011744097
8 3 -0.0012730123
9 3 -0.0013588667
10 3 -0.0014311567
11 3 -0.0014892093
12 3 -0.0015324998
13 3 -0.0015606566
14 3 -0.0015734634
15 3 -0.0015708603
16 3 -0.0015529432
17 3 -0.0015199618
18 3 -0.0014723154
19 3 -0.0014105483
20 3 -0.0013353429
21 3 -0.0012475119
22 3 -0.0011479892
23 3 -0.0010378194
24 3 -0.0009181470
25 3 -0.0007902042
26 3 -0.0006552976
27 3 -0.0005147949
28 3 -0.0003701112
29 3 -0.0002226940
30 3 -0.0000740091
31 3 -0.0000000000
-31 4 0.0000000000
-30 4 0.0002445618
-29 4 0.0004030549
-28 4 0.0005562412
-27 4 0.0007025333
-26 4 0.0008404249
-25 4 0.0009685047
-24 4 0.0010854715
-23 4 0.0011901460
-22 4 0.0012814829
-21 4 0.0013585806
-20 4 0.0014206903
-19 4 0.0014672223
-18 4 0.0014977519
-17 4 0.0015120230
-16 4 0.0015099497
-15 4 0.0014916167
-14 4 0.0014572774
-13 4 0.0014073508
-12 4 0.0013424163
-11 4 0.0012632065
-10 4 0.0011705996
-9 4 0.0010656088
-8 4 0.0009493715
-7 4 0.0008231367
-6 4 0.0006882512
-5 4 0.0005461453
-4 4 0.0003983171
-3 4 0.0002463168
-2 4 0.0000917299
-1 4 -0.0000638394
0 4 -0.0002187851
1 4 -0.0003715159
2 4 -0.0005204719
3 4 -0.0006641407
4 4 -0.0008010723
5 4 -0.0009298943
6 4 -0.0010493248
7 4 -0.0011581859
8 4 -0.0012554140
9 4 -0.0013400710
10 4 -0.0014113520
11 4 -0.0014685932
12 4 -0.0015112773
13 4 -0.0015390376
14 4 -0.0015516608
15 4 -0.0015490878
16 4 -0.0015314132
17 4 -0.0014988829
18 4 -0.0014518908
19 4 -0.0013909737
20 4 -0.0013168044
21 4 -0.0012301842
22 4 -0.0011320342
23 4 -0.0010233846
24 4 -0.0009053640
25 4 -0.0007791875
26 4 -0.0006461436
27 4 -0.0005075813
28 4 -0.0003648959
29 4 -0.0002195152
30 4 -0.0000728847
31 4 -0.0000000000
-31 5 0.0000000000
-30 5 0.0002405833
-29 5 0.0003964235
-28 5 0.0005470451
-27 5 0.0006908874
-26 5 0.0008264692
-25 5 0.0009524029
-24 5 0.0010674089
-23 5 0.0011703277
-22 5 0.0012601316
-21 5 0.0013359340
-20 5 0.0013969986
-19 5 0.0014427457
-18 5 0.0014727577
-17 5 0.0014867828
-16 5 0.0014847366
-15 5 0.0014667024
-14 5 0.0014329295
-13 5 0.0013838299
-12 5 0.0013199732
-11 5 0.0012420800
-10 5 0.0011510137
-9 5 0.0010477705
-8 5 0.0009334690
-7 5 0.0008093371
-6 5 0.0006766993
-5 5 0.0005369618
-4 5 0.0003915978
-3 5 0.0002421314
-2 5 0.0000901217
-1 5 -0.0000628539
0 5 -0.0002152161
1 5 -0.0003654004
2 5 -0.0005118728
3 5 -0.0006531462
4 5 -0.0007877948
5 5 -0.0009144689
6 5 -0.0010319082
7 5 -0.0011389541
8 5 -0.0012345609
9 5 -0.0013178059
10 5 -0.0013878977
11 5 -0.0014441833
12 5 -0.0014861540
13 5 -0.0015134492
14 5 -0.0015258589
15 5 -0.0015233250
16 5 -0.0015059404
17 5 -0.0014739469
18 5 -0.0014277318
19 5 -0.0013678228
20 5 -0.0012948815
21 5 -0.0012096960
22 5 -0.0011131719
23 5 -0.0010063224
24 5 -0.0008902573
25 5 -0.0007661715
26 5 -0.0006353323
27 5 -0.0004990662
28 5 -0.0003587456
29 5 -0.0002157744
30 5 -0.0000715743
31 5 -0.0000000000
-31 6 0.0000000000
-30 6 0.0002359962
-29 6 0.0003887900
-28 6 0.0005364670
-27 6 0.0006774969
-26 6 0.0008104273
-25 6 0.0009338978
-24 6 0.0010466538
-23 6 0.0011475585
-22 6 0.0012356041
-21 6 0.0013099216
-20 6 0.0013697888
-19 6 0.0014146376
-18 6 0.0014440584
-17 6 0.0014578044
-16 6 0.0014557929
-15 6 0.0014381055
-14 6 0.0014049868
-13 6 0.0013568406
-12 6 0.0012942254
-11 6 0.0012178479
-10 6 0.0011285543
-9 6 0.0010273217
-8 6 0.0009152466
-7 6 0.0007935331
-6 6 0.0006634796
-5 6 0.0005264649
-4 6 0.0003839335
-3 6 0.0002373797
-2 6 0.0000883321
-1 6 -0.0000616628
0 6 -0.0002110563
1 6 -0.0003583146
2 6 -0.0005019336
3 6 -0.0006404550
4 6 -0.0007724810
5 6 -0.0008966880
6 6 -0.0010118403
7 6 -0.0011168017
8 6 -0.0012105471
9 6 -0.0012921713
10 6 -0.0013608984
11 6 -0.0014160880
12 6 -0.0014572412
13 6 -0.0014840043
14 6 -0.0014961713
15 6 -0.0014936850
16 6 -0.0014766365
17 6 -0.0014452629
18 6 -0.0013999437
19 6 -0.0013411963
20 6 -0.0012696695
21 6 -0.0011861361
22 6 -0.0010914838
23 6 -0.0009867063
24 6 -0.0008728919
25 6 -0.0007512123
26 6 -0.0006229101
27 6 -0.0004892863
28 6 -0.0003516865
29 6 -0.0002114876
30 6 -0.0000700836
31 6 -0.0000000000
-31 7 0.0000000000
-30 7 0.0002308193
-29 7 0.0003801860
-28 7 0.0005245505
-27 7 0.0006624168
-26 7 0.0007923650
-25 7 0.0009130653
-24 7 0.0010232912
-23 7 0.0011219313
-22 7 0.0012080005
-21 7 0.0012806491
-20 7 0.0013391714
-19 7 0.0013830117
-18 7 0.0014117698
-17 7 0.0014252044
-16 7 0.0014232346
-15 7 0.0014059403
-14 7 0.0013735604
-13 7 0.0013264897
-12 7 0.0012652743
-11 7 0.0011906049
-10 7 0.0011033088
-9 7 0.0010043411
-8 7 0.0008947738
-7 7 0.0007757837
-6 7 0.0006486404
-5 7 0.0005146916
-4 7 0.0003753494
-3 7 0.0002320747
-2 7 0.0000863617
-1 7 -0.0000602777
0 7 -0.0002063295
1 7 -0.0003502943
2 7 -0.0004907015
3 7 -0.0006261257
4 7 -0.0007552000
5 7 -0.0008766306
6 7 -0.0009892094
7 7 -0.0010918255
8 7 -0.0011834765
9 7 -0.0012632775
10 7 -0.0013304698
11 7 -0.0013844271
12 7 -0.0014246617
13 7 -0.0014508275
14 7 -0.0014627231
15 7 -0.0014602925
16 7 -0.0014436245
17 7 -0.0014129508
18 7 -0.0013686425
19 7 -0.0013112053
20 7 -0.0012412734
21 7 -0.0011596022
22 7 -0.0010670599
23 7 -0.0009646177
24 7 -0.0008533398
25 7 -0.0007343716
26 7 -0.0006089283
27 7 -0.0004782817
28 7 -0.0003437475
29 7 -0.0002066721
30 7 -0.0000684185
31 7 -0.0000000000
-31 8 0.0000000000
-30 8 0.0002250733
-29 8 0.0003706457
-28 8 0.0005113428
-27 8 0.0006457068
-26 8 0.0007723537
-25 8 0.0008899875
-24 8 0.0009974129
-23 8 0.0010935467
-22 8 0.0011774288
-21 8 0.0012482311
-20 8 0.0013052657
-19 8 0.0013479912
-18 8 0.0013760174
-17 8 0.0013891092
-16 8 0.0013871876
-15 8 0.0013703305
-14 8 0.0013387707
-13 8 0.0012928932
-12 8 0.0012332299
-11 8 0.0011604539
-10 8 0.0010753717
-9 8 0.0009789140
-8 8 0.0008721253
-7 8 0.0007561529
-6 8 0.0006322339
-5 8 0.0005016817
-4 8 0.0003658726
-3 8 0.0002262303
-2 8 0.0000842112
-1 8 -0.0000587113
0 8 -0.0002010616
1 8 -0.0003413783
2 8 -0.0004782282
3 8 -0.0006102218
4 8 -0.0007360271
5 8 -0.0008543828
6 8 -0.0009641115
7 8 -0.0010641303
8 8 -0.0011534620
9 8 -0.0012312443
10 8 -0.0012967373
11 8 -0.0013493307
12 8 -0.0013885488
13 8 -0.0014140541
14 8 -0.0014256504
15 8 -0.0014232828
16 8 -0.0014070378
17 8 -0.0013771411
18 8 -0.0013339543
19 8 -0.0012779702
20 8 -0.0012098070
21 8 -0.0011302008
22 8 -0.0010399978
23 8 -0.0009401447
24 8 -0.0008316787
25 8 -0.0007157165
26 8 -0.0005934423
27 8 -0.0004660961
28 8 -0.0003349602
29 8 -0.0002013471
30 8 -0.0000665855
31 8 -0.0000000000
-31 9 0.0000000000
-30 9 0.0002187804
-29 9 0.0003602056
-28 9 0.0004968945
-27 9 0.0006274306
-26 9 0.0007504696
-25 9 0.0008647523
-24 9 0.0009691174
-23 9 0.0010625125
-22 9 0.0011440050
-21 9 0.0012127902
-20 9 0.0012681999
-19 9 0.0013097080
-18 9 0.0013369355
-17 9 0.0013496538
-16 9 0.0013477863
-15 9 0.0013314086
-14 9 0.0013007469
-13 9 0.0012561750
-12 9 0.0011982097
-11 9 0.0011275049
-10 9 0.0010448441
-9 9 0.0009511314
-8 9 0.0008473816
-7 9 0.0007347092
-6 9 0.0006143158
-5 9 0.0004874778
-4 9 0.0003555320
-3 9 0.0002198615
-2 9 0.0000818812
-1 9 -0.0000569772
0 9 -0.0001952804
1 9 -0.0003316083
2 9 -0.0004645688
3 9 -0.0005928116
4 9 -0.0007150427
5 9 -0.0008300366
6 9 -0.0009366492
7 9 -0.0010338284
8 9 -0.0011206247
9 9 -0.0011962000
10 9 -0.0012598355
11 9 -0.0013109381
12 9 -0.0013490452
13 9 -0.0013738292
14 9 -0.0013850989
15 9 -0.0013828011
16 9 -0.0013670196
17 9 -0.0013379735
18 9 -0.0012960142
19 9 -0.0012416203
20 9 -0.0011753923
21 9 -0.0010980455
22 9 -0.0010104021
23 9 -0.0009133818
24 9 -0.0008079923
25 9 -0.0006953188
26 9 -0.0005765118
27 9 -0.0004527762
28 9 -0.0003253582
29 9 -0.0001955330
30 9 -0.0000645916
31 9 -0.0000000000
-31 10 0.0000000000
-30 10 0.0002119639
-29 10 0.0003489046
-28 10 0.0004812591
-27 10 0.0006076561
-26 10 0.0007267937
-25 10 0.0008374528
-24 10 0.0009385088
-23 10 0.0010289428
-22 10 0.0011078516
-21 10 0.0011744562
-20 10 0.0012281093
-19 10 0.0012683017
-18 10 0.0012946662
-17 10 0.0013069815
-16 10 0.0013051735
-15 10 0.0012893151
-14 10 0.0012596254
-13 10 0.0012164664
-12 10 0.0011603384
-11 10 0.0010918746
-10 10 0.0010118334
-9 10 0.0009210902
-8 10 0.0008206278
-7 10 0.0007115250
-6 10 0.0005949456
-5 10 0.0004721252
-4 10 0.0003443583
-3 10 0.0002129841
-2 10 0.0000793728
-1 10 -0.0000550896
0 10 -0.0001890150
1 10 -0.0003210284
2 10 -0.0004497815
3 10 -0.0005739672
4 10 -0.0006923320
5 10 -0.0008036894
6 10 -0.0009069312
7 10 -0.0010010388
8 10 -0.0010850924
9 10 -0.0011582805
10 10 -0.0012199067
11 10 -0.0012693966
12 10 -0.0013063023
13 10 -0.0013303061
14 10 -0.0013412229
15 10 -0.0013390009
16 10 -0.0013237212
17 10 -0.0012955959
18 10 -0.0012549651
19 10 -0.0012022922
20 10 -0.0011381587
21 10 -0.0010632571
22 10 -0.0009783836
23 10 -0.0008844289
24 10 -0.0007823689
25 10 -0.0006732544
26 10 -0.0005581997
27 10 -0.0004383716
28 10 -0.0003149771
29 10 -0.0001892511
30 10 -0.0000624440
31 10 -0.0000000000
-31 11 0.0000000000
-30 11 0.0002046485
-29 11 0.0003367833
-28 11 0.0004644929
-27 11 0.0005864541
-26 11 0.0007014108
-25 11 0.0008081867
-24 11 0.0009056966
-23 11 0.0009929574
-22 11 0.0010690975
-21 11 0.0011333653
-20 11 0.0011851363
-19 11 0.0012239189
-18 11 0.0012493589
-17 11 0.0012612427
-16 11 0.0012594987
-15 11 0.0012441973
-14 11 0.0012155499
-13 11 0.0011739056
-12 11 0.0011197471
-11 11 0.0010536854
-10 11 0.0009764522
-9 11 0.0008888921
-8 11 0.0007919534
-7 11 0.0006866770
-6 11 0.0005741857
-5 11 0.0004556718
-4 11 0.0003323842
-3 11 0.0002056153
-2 11 0.0000766870
-1 11 -0.0000530631
0 11 -0.0001822958
1 11 -0.0003096841
2 11 -0.0004339273
3 11 -0.0005537637
4 11 -0.0006679839
5 11 -0.0007754429
6 11 -0.0008750713
7 11 -0.0009658858
8 11 -0.0010469992
9 11 -0.0011176279
10 11 -0.0011771000
11 11 -0.0012248609
12 11 -0.0012604783
13 11 -0.0012836456
14 11 -0.0012941839
15 11 -0.0012920432
16 11 -0.0012773015
17 11 -0.0012501635
18 11 -0.0012109571
19 11 -0.0011601294
20 11 -0.0010982416
21 11 -0.0010259620
22 11 -0.0009440586
23 11 -0.0008533912
24 11 -0.0007549014
25 11 -0.0006496032
26 11 -0.0005385721
27 11 -0.0004229342
28 11 -0.0003038542
29 11 -0.0001825240
30 11 -0.0000601503
31 11 -0.0000000000
-31 12 0.0000000000
-30 12 0.0001968599
-29 12 0.0003238840
-28 12 0.0004466542
-27 12 0.0005638984
-26 12 0.0006744092
-25 12 0.0007770556
-24 12 0.0008707945
-23 12 0.0009546809
-22 12 0.0010278767
-21 12 0.0010896595
-20 12 0.0011394289
-19 12 0.0011767122
-18 12 0.0012011690
-17 12 0.0012125940
-16 12 0.0012109180
-15 12 0.0011962090
-14 12 0.0011686699
-13 12 0.0011286363
-12 12 0.0010765724
-11 12 0.0010130652
-10 12 0.0009388182
-9 12 0.0008546434
-8 12 0.0007614521
-7 12 0.0006602450
-6 12 0.0005521015
-5 12 0.0004381677
-4 12 0.0003196442
-3 12 0.0001977733
-2 12 0.0000738259
-1 12 -0.0000509123
0 12 -0.0001751537
1 12 -0.0002976228
2 12 -0.0004170688
3 12 -0.0005322790
4 12 -0.0006420905
5 12 -0.0007454026
6 12 -0.0008411871
7 12 -0.0009284987
8 12 -0.0010064840
9 12 -0.0010743898
10 12 -0.0011315700
11 12 -0.0011774913
12 12 -0.0012117379
13 12 -0.0012340149
14 12 -0.0012441502
15 12 -0.0012420954
16 12 -0.0012279257
17 12 -0.0012018374
18 12 -0.0011641460
19 12 -0.0011152811
20 12 -0.0010557822
21 12 -0.0009862916
22 12 -0.0009075480
23 12 -0.0008203776
24 12 -0.0007256861
25 12 -0.0006244481
26 12 -0.0005176979
27 12 -0.0004065180
28 12 -0.0002920285
29 12 -0.0001753752
30 12 -0.0000577186
31 12 -0.0000000000
-31 13 0.0000000000
-30 13 0.0001886246
-29 13 0.0003102507
-28 13 0.0004278037
-27 13 0.0005400655
-26 13 0.0006458801
-25 13 0.0007441646
-24 13 0.0008339202
-23 13 0.0009142421
-22 13 0.0009843278
-21 13 0.0010434854
-20 13 0.0010911402
-19 13 0.0011268396
-18 13 0.0011502575
-17 13 0.0011611973
-16 13 0.0011595928
-15 13 0.0011455090
-14 13 0.0011191402
-13 13 0.0010808077
-12 13 0.0010309558
-11 13 0.0009701465
-10 13 0.0008990536
-9 13 0.0008184543
-8 13 0.0007292211
-7 13 0.0006323124
-6 13 0.0005287614
-5 13 0.0004196655
-4 13 0.0003061744
-3 13 0.0001894776
-2 13 0.0000707918
-1 13 -0.0000486518
0 13 -0.0001676203
1 13 -0.0002848923
2 13 -0.0003992703
3 13 -0.0005095928
4 13 -0.0006147464
5 13 -0.0007136770
6 13 -0.0008054000
7 13 -0.0008890100
8 13 -0.0009636899
9 13 -0.0010287183
10 13 -0.0010834763
11 13 -0.0011274532
12 13 -0.0011602507
13 13 -0.0011815862
14 13 -0.0011912948
15 13 -0.0011893301
16 13 -0.0011757639
17 13 -0.0011507841
18 13 -0.0011146927
19 13 -0.0010679012
20 13 -0.0010109258
21 13 -0.0009443819
22 13 -0.0008689765
23 13 -0.0007855011
24 13 -0.0006948227
25 13 -0.0005978749
26 13 -0.0004956480
27 13 -0.0003891788
28 13 -0.0002795399
29 13 -0.0001678289
30 13 -0.0000551569
31 13 -0.0000000000
-31 14 0.0000000000
-30 14 0.0001799697
-29 14 0.0002959282
-28 14 0.0004080032
-27 14 0.0005150337
-26 14 0.0006159172
-25 14 0.0007096216
-24 14 0.0007951945
-23 14 0.0008717733
-22 14 0.0009385929
-21 14 0.0009949937
-20 14 0.0010404276
-19 14 0.0010744632
-18 14 0.0010967896
-17 14 0.0011072192
-16 14 0.0011056891
-15 14 0.0010922611
-14 14 0.0010671203
-13 14 0.0010305731
-12 14 0.0009830430
-11 14 0.0009250660
-10 14 0.0008572841
-9 14 0.0007804385
-8 14 0.0006953610
-7 14 0.0006029651
-6 14 0.0005042360
-5 14 0.0004002199
-4 14 0.0002920129
-3 14 0.0001807489
-2 14 0.0000675882
-1 14 -0.0000462956
0 14 -0.0001597269
1 14 -0.0002715413
2 14 -0.0003805968
3 14 -0.0004857862
4 14 -0.0005860479
5 14 -0.0006803766
6 14 -0.0007678335
7 14 -0.0008475555
8 14 -0.0009187632
9 14 -0.0009807687
10 14 -0.0010329819
11 14 -0.0010749157
12 14 -0.0011061902
13 14 -0.0011265358
14 14 -0.0011357951
15 14 -0.0011339240
16 14 -0.0011209906
17 14 -0.0010971741
18 14 -0.0010627622
19 14 -0.0010181473
20 14 -0.0009638217
21 14 -0.0009003719
22 14 -0.0008284721
23 14 -0.0007488770
24 14 -0.0006624133
25 14 -0.0005699713
26 14 -0.0004724952
27 14 -0.0003709738
28 14 -0.0002664298
29 14 -0.0001599098
30 14 -0.0000524735
31 14 -0.0000000000
-31 15 0.0000000000
-30 15 0.0001709231
-29 15 0.0002809624
-28 15 0.0003873163
-27 15 0.0004888829
-26 15 0.0005846162
-25 15 0.0006735367
-24 15 0.0007547408
-23 15 0.0008274097
-22 15 0.0008908175
-21 15 0.0009443382
-20 15 0.0009874518
-19 15 0.0010197489
-18 15 0.0010409343
-17 15 0.0010508302
-16 15 0.0010493767
-15 15 0.0010366324
-14 15 0.0010127731
-13 15 0.0009780895
-12 15 0.0009329835
-11 15 0.0008779635
-10 15 0.0008136389
-9 15 0.0007407130
-8 15 0.0006599750
-7 15 0.0005722918
-6 15 0.0004785984
-5 15 0.0003798875
-4 15 0.0002771991
-3 15 0.0001716094
-2 15 0.0000642193
-1 15 -0.0000438572
0 15 -0.0001515048
1 15 -0.0002576183
2 15 -0.0003611140
3 15 -0.0004609412
4 15 -0.0005560923
5 15 -0.0006456132
6 15 -0.0007286131
7 15 -0.0008042727
8 15 -0.0008718523
9 15 -0.0009306990
10 15 -0.0009802527
11 15 -0.0010200509
12 15 -0.0010497330
13 15 -0.0010690431
14 15 -0.0010778319
15 15 -0.0010760571
16 15 -0.0010637834
17 15 -0.0010411809
18 15 -0.0010085224
19 15 -0.0009661804
20 15 -0.0009146218
21 15 -0.0008544035
22 15 -0.0007861653
23 15 -0.0007106233
24 15 -0.0006285622
25 15 -0.0005408270
26 15 -0.0004483139
27 15 -0.0003519613
28 15 -0.0002527399
29 15 -0.0001516432
30 15 -0.0000496770
31 15 -0.0000000000
-31 16 0.0000000000
-30 16 0.0001615131
-29 16 0.0002654000
-28 16 0.0003658072
-27 16 0.0004616944
-26 16 0.0005520743
-25 16 0.0006360219
-24 16 0.0007126843
-23 16 0.0007812885
-22 16 0.0008411492
-21 16 0.0008916755
-20 16 0.0009323764
-19 16 0.0009628652
-18 16 0.0009828635
-17 16 0.0009922034
-16 16 0.0009908282
-15 16 0.0009787934
-14 16 0.0009562649
-13 16 0.0009235171
-12 16 0.0008809294
-11 16 0.0008289819
-10 16 0.0007682498
-9 16 0.0006993971
-8 16 0.0006231688
-7 16 0.0005403835
-6 16 0.0004519236
-5 16 0.0003587266
-4 16 0.0002617742
-3 16 0.0001620824
-2 16 0.0000606907
-1 16 -0.0000413493
0 16 -0.0001429845
1 16 -0.0002431716
2 16 -0.0003408874
3 16 -0.0004351398
4 16 -0.0005249774
5 16 -0.0006094997
6 16 -0.0006878652
7 16 -0.0007593005
8 16 -0.0008231072
9 16 -0.0008786687
10 16 -0.0009254560
11 16 -0.0009630326
12 16 -0.0009910578
13 16 -0.0010092899
14 16 -0.0010175878
15 16 -0.0010159116
16 16 -0.0010043223
17 16 -0.0009829804
18 16 -0.0009521435
19 16 -0.0009121631
20 16 -0.0008634803
21 16 -0.0008066206
22 16 -0.0007421882
23 16 -0.0006708594
24 16 -0.0005933750
25 16 -0.0005105329
26 16 -0.0004231793
27 16 -0.0003322005
28 16 -0.0002385129
29 16 -0.0001430548
30 16 -0.0000467759
31 16 -0.0000000000
-31 17 0.0000000000
-30 17 0.0001517681
-29 17 0.0002492880
-28 17 0.0003435409
-27 17 0.0004335504
-26 17 0.0005183896
-25 17 0.0005971903
-24 17 0.0006691519
-23 17 0.0007335488
-22 17 0.0007897377
-21 17 0.0008371640
-20 17 0.0008753666
-19 17 0.0009039829
-18 17 0.0009227515
-17 17 0.0009315144
-16 17 0.0009302189
-15 17 0.0009189169
-14 17 0.0008977642
-13 17 0.0008670183
-12 17 0.0008270355
-11 17 0.0007782664
-10 17 0.0007212509
-9 17 0.0006566124
-8 17 0.0005850503
-7 17 0.0005073329
-6 17 0.0004242886
-5 17 0.0003367974
-4 17 0.0002457809
-3 17 0.0001521929
-2 17 0.0000570090
-1 17 -0.0000387835
0 17 -0.0001341960
1 17 -0.0002282490
2 17 -0.0003199821
3 17 -0.0004084639
4 17 -0.0004928013
5 17 -0.0005721488
6 17 -0.0006457166
7 17 -0.0007127783
8 17 -0.0007726784
9 17 -0.0008248380
10 17 -0.0008687605
11 17 -0.0009040358
12 17 -0.0009303443
13 17 -0.0009474589
14 17 -0.0009552470
15 17 -0.0009536712
16 17 -0.0009427887
17 17 -0.0009227500
18 17 -0.0008937972
19 17 -0.0008562600
20 17 -0.0008105526
21 17 -0.0007571683
22 17 -0.0006966745
23 17 -0.0006297059
24 17 -0.0005569583
25 17 -0.0004791807
26 17 -0.0003971676
27 17 -0.0003117511
28 17 -0.0002237918
29 17 -0.0001341705
30 17 -0.0000437789
31 17 -0.0000000000
-31 18 0.0000000000
-30 18 0.0001417170
-29 18 0.0002326740
-28 18 0.0003205830
-27 18 0.0004045336
-26 18 0.0004836611
-25 18 0.0005571559
-24 18 0.0006242713
-23 18 0.0006843304
-22 18 0.0007367335
-21 18 0.0007809632
-20 18 0.0008165896
-19 18 0.0008432743
-18 18 0.0008607737
-17 18 0.0008689406
-16 18 0.0008677257
-15 18 0.0008571775
-14 18 0.0008374413
-13 18 0.0008087574
-12 18 0.0007714582
-11 18 0.0007259638
-10 18 0.0006727781
-9 18 0.0006124823
-8 18 0.0005457289
-7 18 0.0004732345
-6 18 0.0003957718
-5 18 0.0003141615
-4 18 0.0002292633
-3 18 0.0001419668
-2 18 0.0000531820
-1 18 -0.0000361703
0 18 -0.0001251679
1 18 -0.0002128972
2 18 -0.0002984625
3 18 -0.0003809948
4 18 -0.0004596613
5 18 -0.0005336731
6 18 -0.0006022936
7 18 -0.0006648453
8 18 -0.0007207166
9 18 -0.0007693675
10 18 -0.0008103348
11 18 -0.0008432360
12 18 -0.0008677728
13 18 -0.0008837334
14 18 -0.0008909942
15 18 -0.0008895201
16 18 -0.0008793644
17 18 -0.0008606678
18 18 -0.0008336557
19 18 -0.0007986359
20 18 -0.0007559947
21 18 -0.0007061924
22 18 -0.0006497581
23 18 -0.0005872841
24 18 -0.0005194194
25 18 -0.0004468626
26 18 -0.0003703552
27 18 -0.0002906732
28 18 -0.0002086197
29 18 -0.0001250162
30 18 -0.0000406947
31 18 -0.0000000000
-31 19 0.0000000000
-30 19 0.0001313887
-29 19 0.0002156055
-28 19 0.0002969993
-27 19 0.0003747270
-26 19 0.0004479882
-25 19 0.0005160332
-24 19 0.0005781707
-23 19 0.0006337741
-22 19 0.0006822881
-21 19 0.0007232337
-20 19 0.0007562129
-19 19 0.0007809125
-18 19 0.0007971070
-17 19 0.0008046601
-16 19 0.0008035264
-15 19 0.0007937507
-14 19 0.0007754677
-13 19 0.0007488999
-12 19 0.0007143552
-11 19 0.0006722226
-10 19 0.0006229687
-9 19 0.0005671316
-8 19 0.0005053157
-7 19 0.0004381843
-6 19 0.0003664531
-5 19 0.0002908820
-4 19 0.0002122669
-3 19 0.0001314316
-2 19 0.0000492188
-1 19 -0.0000335190
0 19 -0.0001159279
1 19 -0.0001971620
2 19 -0.0002763918
3 19 -0.0003528128
4 19 -0.0004256537
5 19 -0.0004941842
6 19 -0.0005577220
7 19 -0.0006156400
8 19 -0.0006673717
9 19 -0.0007124171
10 19 -0.0007503473
11 19 -0.0007808081
12 19 -0.0008035233
13 19 -0.0008182968
14 19 -0.0008250139
15 19 -0.0008236425
16 19 -0.0008142317
17 19 -0.0007969117
18 19 -0.0007718915
19 19 -0.0007394561
20 19 -0.0006999631
21 19 -0.0006538389
22 19 -0.0006015735
23 19 -0.0005437154
24 19 -0.0004808655
25 19 -0.0004136712
26 19 -0.0003428188
27 19 -0.0002690271
28 19 -0.0001930399
29 19 -0.0001156180
30 19 -0.0000375320
31 19 -0.0000000000
-31 20 0.0000000000
-30 20 0.0001208119
-29 20 0.0001981302
-28 20 0.0002728555
-27 20 0.0003442138
-26 20 0.0004114703
-25 20 0.0004739368
-24 20 0.0005309786
-23 20 0.0005820206
-22 20 0.0006265530
-21 20 0.0006641360
-20 20 0.0006944045
-19 20 0.0007170710
-18 20 0.0007319284
-17 20 0.0007388518
-16 20 0.0007377995
-15 20 0.0007288129
-14 20 0.0007120156
-13 20 0.0006876122
-12 20 0.0006558851
-11 20 0.0006171918
-10 20 0.0005719607
-9 20 0.0005206860
-8 20 0.0004639225
-7 20 0.0004022794
-6 20 0.0003364136
-5 20 0.0002670231
-4 20 0.0001948385
-3 20 0.0001206162
-2 20 0.0000451299
-1 20 -0.0000308376
0 20 -0.0001065025
1 20 -0.0001810878
2 20 -0.0002538322
3 20 -0.0003239969
4 20 -0.0003908739
5 20 -0.0004537925
6 20 -0.0005121265
7 20 -0.0005652998
8 20 -0.0006127926
9 20 -0.0006541458
10 20 -0.0006889654
11 20 -0.0007169263
12 20 -0.0007377750
13 20 -0.0007513313
14 20 -0.0007574902
15 20 -0.0007562219
16 20 -0.0007475718
17 20 -0.0007316594
18 20 -0.0007086767
19 20 -0.0006788853
20 20 -0.0006426137
21 20 -0.0006002535
22 20 -0.0005522547
23 20 -0.0004991209
24 20 -0.0004414041
25 20 -0.0003796985
26 20 -0.0003146348
27 20 -0.0002468728
28 20 -0.0001770957
29 20 -0.0001060020
30 20 -0.0000342995
31 20 -0.0000000000
-31 21 0.0000000000
-30 21 0.0001100156
-29 21 0.0001802956
-28 21 0.0002482172
-27 21 0.0003130768
-26 21 0.0003742065
-25 21 0.0004309809
-24 21 0.0004828231
-23 21 0.0005292105
-22 21 0.0005696795
-21 21 0.0006038308
-20 21 0.0006313324
-19 21 0.0006519232
-18 21 0.0006654150
-17 21 0.0006716945
-16 21 0.0006707238
-15 21 0.0006625406
-14 21 0.0006472576
-13 21 0.0006250608
-12 21 0.0005962070
-11 21 0.0005610213
-10 21 0.0005198932
-9 21 0.0004732720
-8 21 0.0004216622
-7 21 0.0003656175
-6 21 0.0003057354
-5 21 0.0002426500
-4 21 0.0001770258
-3 21 0.0001095504
-2 21 0.0000409269
-1 21 -0.0000281328
0 21 -0.0000969164
1 21 -0.0001647176
2 21 -0.0002308441
3 21 -0.0002946247
4 21 -0.0003554156
5 21 -0.0004126071
6 21 -0.0004656301
7 21 -0.0005139609
8 21 -0.0005571269
9 21 -0.0005947109
10 21 -0.0006263549
11 21 -0.0006517633
12 21 -0.0006707055
13 21 -0.0006830181
14 21 -0.0006886055
15 21 -0.0006874408
16 21 -0.0006795652
17 21 -0.0006650875
18 21 -0.0006441823
19 21 -0.0006170874
20 21 -0.0005841018
21 21 -0.0005455813
22 21 -0.0005019351
23 21 -0.0004536213
24 21 -0.0004011417
25 21 -0.0003450367
26 21 -0.0002858795
27 21 -0.0002242703
28 21 -0.0001608301
29 21 -0.0000961941
30 21 -0.0000310057
31 21 -0.0000000000
-31 22 0.0000000000
-30 22 0.0000990284
-29 22 0.0001621491
-28 22 0.0002231498
-27 22 0.0002813986
-26 22 0.0003362958
-25 22 0.0003872796
-24 22 0.0004338321
-23 22 0.0004754838
-22 22 0.0005118187
-21 22 0.0005424781
-20 22 0.0005671641
-19 22 0.0005856421
-18 22 0.0005977435
-17 22 0.0006033666
-16 22 0.0006024774
-15 22 0.0005951102
-14 22 0.0005813661
-13 22 0.0005614124
-12 22 0.0005354799
-11 22 0.0005038609
-10 22 0.0004669052
-9 22 0.0004250166
-8 22 0.0003786481
-7 22 0.0003282975
-6 22 0.0002745012
-5 22 0.0002178290
-4 22 0.0001588779
-3 22 0.0000982653
-2 22 0.0000366229
-1 22 -0.0000254099
0 22 -0.0000871932
1 22 -0.0001480927
2 22 -0.0002074867
3 22 -0.0002647721
4 22 -0.0003193707
5 22 -0.0003707352
6 22 -0.0004183541
7 22 -0.0004617573
8 22 -0.0005005203
9 22 -0.0005342684
10 22 -0.0005626801
11 22 -0.0005854900
12 22 -0.0006024912
13 22 -0.0006135368
14 22 -0.0006185411
15 22 -0.0006174801
16 22 -0.0006103908
17 22 -0.0005973712
18 22 -0.0005785780
19 22 -0.0005542253
20 22 -0.0005245814
21 22 -0.0004899662
22 22 -0.0004507474
23 22 -0.0004073366
24 22 -0.0003601846
25 22 -0.0003097770
26 22 -0.0002566288
27 22 -0.0002012792
28 22 -0.0001442860
29 22 -0.0000862201
30 22 -0.0000276594
31 22 -0.0000000000
-31 23 0.0000000000
-30 23 0.0000878788
-29 23 0.0001437377
-28 23 0.0001977182
-27 23 0.0002492613
-26 23 0.0002978363
-25 23 0.0003429461
-24 23 0.0003841324
-23 23 0.0004209799
-22 23 0.0004531205
-21 23 0.0004802371
-20 23 0.0005020661
-19 23 0.0005184001
-18 23 0.0005290900
-17 23 0.0005340460
-16 23 0.0005332383
-15 23 0.0005266974
-14 23 0.0005145130
-13 23 0.0004968333
-12 23 0.0004738629
-11 23 0.0004458605
-10 23 0.0004131360
-9 23 0.0003760467
-8 23 0.0003349940
-7 23 0.0002904182
-6 23 0.0002427945
-5 23 0.0001926271
-4 23 0.0001404444
-3 23 0.0000867929
-2 23 0.0000322319
-1 23 -0.0000226729
0 23 -0.0000773550
1 23 -0.0001312532
2 23 -0.0001838172
3 23 -0.0002345132
4 23 -0.0002828296
5 23 -0.0003282820
6 23 -0.0003704179
7 23 -0.0004088212
8 23 -0.0004431163
9 23 -0.0004729718
10 23 -0.0004981032
11 23 -0.0005182756
12 23 -0.0005333061
13 23 -0.0005430649
14 23 -0.0005474762
15 23 -0.0005465188
16 23 -0.0005402259
17 23 -0.0005286840
18 23 -0.0005120323
19 23 -0.0004904601
20 23 -0.0004642053
21 23 -0.0004335511
22 23 -0.0003988231
23 23 -0.0003603857
24 23 -0.0003186381
25 23 -0.0002740101
26 23 -0.0002269578
27 23 -0.0001779584
28 23 -0.0001275059
29 23 -0.0000761055
30 23 -0.0000242690
31 23 -0.0000000000
-31 24 0.0000000000
-30 24 0.0000765952
-29 24 0.0001251080
-28 24 0.0001719870
-27 24 0.0002167464
-26 24 0.0002589256
-25 24 0.0002980928
-24 24 0.0003338502
-23 24 0.0003658372
-22 24 0.0003937343
-21 24 0.0004172661
-20 24 0.0004362041
-19 24 0.0004503682
-18 24 0.0004596293
-17 24 0.0004639095
-16 24 0.0004631832
-15 24 0.0004574772
-14 24 0.0004468696
-13 24 0.0004314893
-12 24 0.0004115144
-11 24 0.0003871696
-10 24 0.0003587244
-9 24 0.0003264895
-8 24 0.0002908135
-7 24 0.0002520791
-6 24 0.0002106991
-5 24 0.0001671117
-4 24 0.0001217758
-3 24 0.0000751664
-2 24 0.0000277691
-1 24 -0.0000199246
0 24 -0.0000674227
1 24 -0.0001142376
2 24 -0.0001598913
3 24 -0.0002039205
4 24 -0.0002458806
5 24 -0.0002853511
6 24 -0.0003219389
7 24 -0.0003552828
8 24 -0.0003850567
9 24 -0.0004109728
10 24 -0.0004327841
11 24 -0.0004502869
12 24 -0.0004633223
13 24 -0.0004717779
14 24 -0.0004755879
15 24 -0.0004747341
16 24 -0.0004692456
17 24 -0.0004591977
18 24 -0.0004447115
19 24 -0.0004259516
20 24 -0.0004031249
21 24 -0.0003764775
22 24 -0.0003462924
23 24 -0.0003128864
24 24 -0.0002766063
25 24 -0.0002378258
26 24 -0.0001969409
27 24 -0.0001543666
28 24 -0.0001105319
29 24 -0.0000658759
30 24 -0.0000208429
31 24 -0.0000000000
-31 25 0.0000000000
-30 25 0.0000652056
-29 25 0.0001063064
-28 25 0.0001460199
-27 25 0.0001839347
-26 25 0.0002196603
-25 25 0.0002528313
-24 25 0.0002831106
-23 25 0.0003101929
-22 25 0.0003338078
-21 25 0.0003537222
-20 25 0.0003697425
-19 25 0.0003817166
-18 25 0.0003895352
-17 25 0.0003931328
-16 25 0.0003924879
-15 25 0.0003876235
-14 25 0.0003786061
-13 25 0.0003655452
-12 25 0.0003485919
-11 25 0.0003279371
-10 25 0.0003038092
-9 25 0.0002764717
-8 25 0.0002462203
-7 25 0.0002133795
-6 25 0.0001782992
-5 25 0.0001413508
-4 25 0.0001029233
-3 25 0.0000634194
-2 25 0.0000232505
-1 25 -0.0000171668
0 25 -0.0000574156
1 25 -0.0000970828
2 25 -0.0001357634
3 25 -0.0001730647
4 25 -0.0002086103
5 25 -0.0002420438
6 25 -0.0002730324
7 25 -0.0003012701
8 25 -0.0003264808
9 25 -0.0003484206
10 25 -0.0003668807
11 25 -0.0003816884
12 25 -0.0003927096
13 25 -0.0003998489
14 25 -0.0004030511
15 25 -0.0004023009
16 25 -0.0003976232
17 25 -0.0003890820
18 25 -0.0003767802
19 25 -0.0003608576
20 25 -0.0003414896
21 25 -0.0003188851
22 25 -0.0002932841
23 25 -0.0002649552
24 25 -0.0002341926
25 25 -0.0002013129
26 25 -0.0001666521
27 25 -0.0001305618
28 25 -0.0000934058
29 25 -0.0000555561
30 25 -0.0000173896
31 25 -0.0000000000
-31 26 0.0000000000
-30 26 0.0000537377
-29 26 0.0000873787
-28 26 0.0001198804
-27 26 0.0001509060
-26 26 0.0001801363
-25 26 0.0002072720
-24 26 0.0002320376
-23 26 0.0002541832
-22 26 0.0002734879
-21 26 0.0002897609
-20 26 0.0003028443
-19 26 0.0003126138
-18 26 0.0003189802
-17 26 0.0003218903
-16 26 0.0003213269
-15 26 0.0003173091
-14 26 0.0003098917
-13 26 0.0002991648
-12 26 0.0002852523
-11 26 0.0002683110
-10 26 0.0002485280
-9 26 0.0002261195
-8 26 0.0002013277
-7 26 0.0001744185
-6 26 0.0001456787
-5 26 0.0001154124
-4 26 0.0000839384
-3 26 0.0000515863
-2 26 0.0000186930
-1 26 -0.0000144002
0 26 -0.0000473521
1 26 -0.0000798245
2 26 -0.0001114859
3 26 -0.0001420150
4 26 -0.0001711035
5 26 -0.0001984599
6 26 -0.0002238119
7 26 -0.0002469092
8 26 -0.0002675258
9 26 -0.0002854625
10 26 -0.0003005484
11 26 -0.0003126426
12 26 -0.0003216353
13 26 -0.0003274490
14 26 -0.0003300386
15 26 -0.0003293920
16 26 -0.0003255297
17 26 -0.0003185046
18 26 -0.0003084012
19 26 -0.0002953342
20 26 -0.0002794475
21 26 -0.0002609124
22 26 -0.0002399257
23 26 -0.0002167075
24 26 -0.0001914989
25 26 -0.0001645594
26 26 -0.0001361642
27 26 -0.0001066014
28 26 -0.0000761688
29 26 -0.0000451712
30 26 -0.0000139172
31 26 -0.0000000000
-31 27 0.0000000000
-30 27 0.0000422191
-29 27 0.0000683702
-28 27 0.0000936310
-27 27 0.0001177398
-26 27 0.0001404484
-25 27 0.0001615245
-24 27 0.0001807540
-23 27 0.0001979429
-22 27 0.0002129198
-21 27 0.0002255367
-20 27 0.0002356712
-19 27 0.0002432270
-18 27 0.0002481352
-17 27 0.0002503549
-16 27 0.0002498732
-15 27 0.0002467053
-14 27 0.0002408943
-13 27 0.0002325107
-12 27 0.0002216514
-11 27 0.0002084385
-10 27 0.0001930181
-9 27 0.0001755585
-8 27 0.0001562485
-7 27 0.0001352952
-6 27 0.0001129217
-5 27 0.0000893649
-4 27 0.0000648728
-3 27 0.0000397018
-2 27 0.0000141143
-1 27 -0.0000116247
0 27 -0.0000372496
1 27 -0.0000624974
2 27 -0.0000871104
3 27 -0.0001108389
4 27 -0.0001334433
5 27 -0.0001546972
6 27 -0.0001743888
7 27 -0.0001923238
8 27 -0.0002083269
9 27 -0.0002222434
10 27 -0.0002339406
11 27 -0.0002433094
12 27 -0.0002502648
13 27 -0.0002547469
14 27 -0.0002567209
15 27 -0.0002561778
16 27 -0.0002531340
17 27 -0.0002476311
18 27 -0.0002397350
19 27 -0.0002295354
20 27 -0.0002171445
21 27 -0.0002026960
22 27 -0.0001863431
23 27 -0.0001682572
24 27 -0.0001486263
25 27 -0.0001276523
26 27 -0.0001055495
27 27 -0.0000825420
28 27 -0.0000588617
29 27 -0.0000347457
30 27 -0.0000104341
31 27 -0.0000000000
-31 28 0.0000000000
-30 28 0.0000306770
-29 28 0.0000493258
-28 28 0.0000673338
-27 28 0.0000845143
-26 28 0.0001006905
-25 28 0.0001156970
-24 28 0.0001293813
-23 28 0.0001416055
-22 28 0.0001522475
-21 28 0.0001612023
-20 28 0.0001683831
-19 28 0.0001737217
-18 28 0.0001771696
-17 28 0.0001786980
-16 28 0.0001782983
-15 28 0.0001759819
-14 28 0.0001717803
-13 28 0.0001657443
-12 28 0.0001579435
-11 28 0.0001484657
-10 28 0.0001374155
-9 28 0.0001249135
-8 28 0.0001110949
-7 28 0.0000961078
-6 28 0.0000801119
-5 28 0.0000632763
-4 28 0.0000457784
-3 28 0.0000278012
-2 28 0.0000095321
-1 28 -0.0000088396
0 28 -0.0000271245
1 28 -0.0000451349
2 28 -0.0000626870
3 28 -0.0000796028
4 28 -0.0000957115
5 28 -0.0001108517
6 28 -0.0001248728
7 28 -0.0001376362
8 28 -0.0001490174
9 28 -0.0001589062
10 28 -0.0001672085
11 28 -0.0001738469
12 28 -0.0001787612
13 28 -0.0001819090
14 28 -0.0001832663
15 28 -0.0001828269
16 28 -0.0001806032
17 28 -0.0001766252
18 28 -0.0001709406
19 28 -0.0001636138
20 28 -0.0001547253
21 28 -0.0001443710
22 28 -0.0001326607
23 28 -0.0001197171
24 28 -0.0001056746
25 28 -0.0000906775
26 28 -0.0000748792
27 28 -0.0000584398
28 28 -0.0000415249
29 28 -0.0000243039
30 28 -0.0000069481
31 28 -0.0000000000
-31 29 0.0000000000
-30 29 0.0000191382
-29 29 0.0000302900
-28 29 0.0000410502
-27 29 0.0000513072
-26 29 0.0000609557
-25 29 0.0000698968
-24 29 0.0000780399
-23 29 0.0000853029
-22 29 0.0000916134
-21 29 0.0000969091
-20 29 0.0001011386
-19 29 0.0001042621
-18 29 0.0001062510
-17 29 0.0001070891
-16 29 0.0001067720
-15 29 0.0001053074
-14 29 0.0001027148
-13 29 0.0000990255
-12 29 0.0000942819
-11 29 0.0000885374
-10 29 0.0000818553
-9 29 0.0000743084
-8 29 0.0000659783
-7 29 0.0000569543
-6 29 0.0000473325
-5 29 0.0000372145
-4 29 0.0000267068
-3 29 0.0000159195
-2 29 0.0000049648
-1 29 -0.0000060438
0 29 -0.0000169927
1 29 -0.0000277697
2 29 -0.0000382649
3 29 -0.0000483718
4 29 -0.0000579884
5 29 -0.0000670184
6 29 -0.0000753720
7 29 -0.0000829668
8 29 -0.0000897286
9 29 -0.0000955921
10 29 -0.0001005015
11 29 -0.0001044111
12 29 -0.0001072855
13 29 -0.0001091001
14 29 -0.0001098412
15 29 -0.0001095058
16 29 -0.0001081020
17 29 -0.0001056486
18 29 -0.0001021748
19 29 -0.0000977198
20 29 -0.0000923326
21 29 -0.0000860712
22 29 -0.0000790018
23 29 -0.0000711985
24 29 -0.0000627423
25 29 -0.0000537202
26 29 -0.0000442241
27 29 -0.0000343504
28 29 -0.0000241985
29 29 -0.0000138699
30 29 -0.0000034675
31 29 -0.0000000000
-31 30 0.0000000000
-30 30 0.0000076296
-29 30 0.0000113068
-28 30 0.0000148409
-27 30 0.0000181954
-26 30 0.0000213358
-25 30 0.0000242301
-24 30 0.0000268490
-23 30 0.0000291662
-22 30 0.0000311586
-21 30 0.0000328066
-20 30 0.0000340946
-19 30 0.0000350103
-18 30 0.0000355456
-17 30 0.0000356965
-16 30 0.0000354628
-15 30 0.0000348484
-14 30 0.0000338611
-13 30 0.0000325127
-12 30 0.0000308184
-11 30 0.0000287972
-10 30 0.0000264713
-9 30 0.0000238659
-8 30 0.0000210092
-7 30 0.0000179317
-6 30 0.0000146660
-5 30 0.0000112467
-4 30 0.0000077096
-3 30 0.0000040917
-2 30 0.0000004307
-1 30 -0.0000032357
0 30 -0.0000068697
1 30 -0.0000104341
2 30 -0.0000138925
3 30 -0.0000172100
4 30 -0.0000203532
5 30 -0.0000232907
6 30 -0.0000259933
7 30 -0.0000284345
8 30 -0.0000305904
9 30 -0.0000324404
10 30 -0.0000339670
11 30 -0.0000351561
12 30 -0.0000359970
13 30 -0.0000364828
14 30 -0.0000366100
15 30 -0.0000363790
16 30 -0.0000357937
17 30 -0.0000348613
18 30 -0.0000335930
19 30 -0.0000320027
20 30 -0.0000301078
21 30 -0.0000279286
22 30 -0.0000254881
23 30 -0.0000228118
24 30 -0.0000199274
25 30 -0.0000168643
26 30 -0.0000136539
27 30 -0.0000103286
28 30 -0.0000069218
29 30 -0.0000034675
30 30 -0.0000000000
31 30 -0.0000000000
-31 31 0.0000000000
-30 31 0.0000000000
-29 31 0.0000000000
-28 31 0.0000000000
-27 31 0.0000000000
-26 31 0.0000000000
-25 31 0.0000000000
-24 31 0.0000000000
-23 31 0.0000000000
-22 31 0.0000000000
-21 31 0.0000000000
-20 31 0.0000000000
-19 31 0.0000000000
-18 31 0.0000000000
-17 31 0.0000000000
-16 31 0.0000000000
-15 31 0.0000000000
-14 31 0.0000000000
-13 31 0.0000000000
-12 31 0.0000000000
-11 31 0.0000000000
-10 31 0.0000000000
-9 31 0.0000000000
-8 31 0.0000000000
-7 31 0.0000000000
-6 31 0.0000000000
-5 31 0.0000000000
-4 31 0.0000000000
-3 31 0.0000000000
-2 31 0.0000000000
-1 31 0.0000000000
0 31 0.0000000000
1 31 -0.0000000000
2 31 -0.0000000000
3 31 -0.0000000000
4 31 -0.0000000000
5 31 -0.0000000000
6 31 -0.0000000000
7 31 -0.0000000000
8 31 -0.0000000000
9 31 -0.0000000000
10 31 -0.0000000000
11 31 -0.0000000000
12 31 -0.0000000000
13 31 -0.0000000000
14 31 -0.0000000000
15 31 -0.0000000000
16 31 -0.0000000000
17 31 -0.0000000000
18 31 -0.0000000000
19 31 -0.0000000000
20 31 -0.0000000000
21 31 -0.0000000000
22 31 -0.0000000000
23 31 -0.0000000000
24 31 -0.0000000000
25 31 -0.0000000000
26 31 -0.0000000000
27 31 -0.0000000000
28 31 -0.0000000000
29 31 -0.0000000000
30 31 -0.0000000000
31 31 -0.0000000000
