-31 -31 0.0000000000
-30 -31 0.0000000000
-29 -31 0.0000000000
-28 -31 0.0000000000
-27 -31 0.0000000000
-26 -31 0.0000000000
-25 -31 0.0000000000
-24 -31 0.0000000000
-23 -31 0.0000000000
-22 -31 0.0000000000
-21 -31 0.0000000000
-20 -31 0.0000000000
-19 -31 0.0000000000
-18 -31 0.0000000000
-17 -31 0.0000000000
-16 -31 0.0000000000
-15 -31 0.0000000000
-14 -31 0.0000000000
-13 -31 0.0000000000
-12 -31 0.0000000000
-11 -31 0.0000000000
-10 -31 0.0000000000
-9 -31 0.0000000000
-8 -31 0.0000000000
-7 -31 0.0000000000
-6 -31 0.0000000000
-5 -31 0.0000000000
-4 -31 0.0000000000
-3 -31 0.0000000000
-2 -31 0.0000000000
-1 -31 0.0000000000
0 -31 0.0000000000
1 -31 -0.0000000000
2 -31 -0.0000000000
3 -31 -0.0000000000
4 -31 -0.0000000000
5 -31 -0.0000000000
6 -31 -0.0000000000
7 -31 -0.0000000000
8 -31 -0.0000000000
9 -31 -0.0000000000
10 -31 -0.0000000000
11 -31 -0.0000000000
12 -31 -0.0000000000
13 -31 -0.0000000000
14 -31 -0.0000000000
15 -31 -0.0000000000
16 -31 -0.0000000000
17 -31 -0.0000000000
18 -31 -0.0000000000
19 -31 -0.0000000000
20 -31 -0.0000000000
21 -31 -0.0000000000
22 -31 -0.0000000000
23 -31 -0.0000000000
24 -31 -0.0000000000
25 -31 -0.0000000000
26 -31 -0.0000000000
27 -31 -0.0000000000
28 -31 -0.0000000000
29 -31 -0.0000000000
30 -31 -0.0000000000
31 -31 -0.0000000000
-31 -30 0.0000000000
-30 -30 0.0000030553
-29 -30 0.0000058272
-28 -30 0.0000092075
-27 -30 0.0000134027
-26 -30 0.0000186294
-25 -30 0.0000251070
-24 -30 0.0000330462
-23 -30 0.0000426345
-22 -30 0.0000540183
-21 -30 0.0000672827
-20 -30 0.0000824303
-19 -30 0.0000993613
-18 -30 0.0001178553
-17 -30 0.0001375599
-16 -30 0.0001579854
-15 -30 0.0001785090
-14 -30 0.0001983902
-13 -30 0.0002167966
-12 -30 0.0002328401
-11 -30 0.0002456220
-10 -30 0.0002542850
-9 -30 0.0002580665
-8 -30 0.0002563520
-7 -30 0.0002487217
-6 -30 0.0002349881
-5 -30 0.0002152203
-4 -30 0.0001897526
-3 -30 0.0001591764
-2 -30 0.0001243156
-1 -30 0.0000861871
0 -30 0.0000459487
1 -30 0.0000048395
2 -30 -0.0000358842
3 -30 -0.0000750121
4 -30 -0.0001114381
5 -30 -0.0001442097
6 -30 -0.0001725658
7 -30 -0.0001959606
8 -30 -0.0002140746
9 -30 -0.0002268107
10 -30 -0.0002342793
11 -30 -0.0002367726
12 -30 -0.0002347325
13 -30 -0.0002287132
14 -30 -0.0002193431
15 -30 -0.0002072869
16 -30 -0.0001932113
17 -30 -0.0001777549
18 -30 -0.0001615042
19 -30 -0.0001449747
20 -30 -0.0001285990
21 -30 -0.0001127199
22 -30 -0.0000975881
23 -30 -0.0000833641
24 -30 -0.0000701226
25 -30 -0.0000578593
26 -30 -0.0000464988
27 -30 -0.0000359033
28 -30 -0.0000258810
29 -30 -0.0000161964
30 -30 -0.0000065787
31 -30 -0.0000000000
-31 -29 0.0000000000
-30 -29 0.0000059445
-29 -29 0.0000111198
-28 -29 0.0000174147
-27 -29 0.0000252003
-26 -29 0.0000348631
-25 -29 0.0000467902
-24 -29 0.0000613485
-23 -29 0.0000788584
-22 -29 0.0000995617
-21 -29 0.0001235856
-20 -29 0.0001509063
-19 -29 0.0001813141
-18 -29 0.0002143839
-17 -29 0.0002494563
-16 -29 0.0002856313
-15 -29 0.0003217790
-14 -29 0.0003565691
-13 -29 0.0003885190
-12 -29 0.0004160602
-11 -29 0.0004376193
-10 -29 0.0004517089
-9 -29 0.0004570225
-8 -29 0.0004525255
-7 -29 0.0004375355
-6 -29 0.0004117845
-5 -29 0.0003754584
-4 -29 0.0003292072
-3 -29 0.0002741277
-2 -29 0.0002117163
-1 -29 0.0001437968
0 -29 0.0000724278
1 -29 -0.0000002036
2 -29 -0.0000718939
3 -29 -0.0001405331
4 -29 -0.0002042046
5 -29 -0.0002612698
6 -29 -0.0003104315
7 -29 -0.0003507735
8 -29 -0.0003817762
9 -29 -0.0004033084
10 -29 -0.0004155984
11 -29 -0.0004191887
12 -29 -0.0004148774
13 -29 -0.0004036538
14 -29 -0.0003866306
15 -29 -0.0003649787
16 -29 -0.0003398673
17 -29 -0.0003124125
18 -29 -0.0002836354
19 -29 -0.0002544310
20 -29 -0.0002255475
21 -29 -0.0001975749
22 -29 -0.0001709418
23 -29 -0.0001459187
24 -29 -0.0001226272
25 -29 -0.0001010508
26 -29 -0.0000810500
27 -29 -0.0000623770
28 -29 -0.0000446916
29 -29 -0.0000275783
30 -29 -0.0000105625
31 -29 -0.0000000000
-31 -28 0.0000000000
-30 -28 0.0000096783
-29 -28 0.0000179476
-28 -28 0.0000279649
-27 -28 0.0000403022
-26 -28 0.0000555496
-25 -28 0.0000742920
-24 -28 0.0000970772
-23 -28 0.0001243742
-22 -28 0.0001565248
-21 -28 0.0001936894
-20 -28 0.0002357924
-19 -28 0.0002824709
-18 -28 0.0003330333
-17 -28 0.0003864329
-16 -28 0.0004412629
-15 -28 0.0004957757
-14 -28 0.0005479318
-13 -28 0.0005954753
-12 -28 0.0006360374
-11 -28 0.0006672598
-10 -28 0.0006869323
-9 -28 0.0006931348
-8 -28 0.0006843718
-7 -28 0.0006596901
-6 -28 0.0006187682
-5 -28 0.0005619695
-4 -28 0.0004903540
-3 -28 0.0004056461
-2 -28 0.0003101594
-1 -28 0.0002066854
0 -28 0.0000983511
1 -28 -0.0000115408
2 -28 -0.0001196806
3 -28 -0.0002229145
4 -28 -0.0003183933
5 -28 -0.0004036955
6 -28 -0.0004769192
7 -28 -0.0005367383
8 -28 -0.0005824225
9 -28 -0.0006138222
10 -28 -0.0006313230
11 -28 -0.0006357754
12 -28 -0.0006284069
13 -28 -0.0006107243
14 -28 -0.0005844121
15 -28 -0.0005512358
16 -28 -0.0005129526
17 -28 -0.0004712351
18 -28 -0.0004276099
19 -28 -0.0003834119
20 -28 -0.0003397541
21 -28 -0.0002975113
22 -28 -0.0002573161
23 -28 -0.0002195649
24 -28 -0.0001844307
25 -28 -0.0001518818
26 -28 -0.0001217027
27 -28 -0.0000935179
28 -28 -0.0000668159
29 -28 -0.0000409744
30 -28 -0.0000152862
31 -28 -0.0000000000
-31 -27 0.0000000000
-30 -27 0.0000146231
-29 -27 0.0000269630
-28 -27 0.0000418422
-27 -27 0.0000600829
-26 -27 0.0000825254
-25 -27 0.0001099938
-24 -27 0.0001432494
-23 -27 0.0001829307
-22 -27 0.0002294844
-21 -27 0.0002830899
-20 -27 0.0003435829
-19 -27 0.0004103864
-18 -27 0.0004824551
-17 -27 0.0005582434
-16 -27 0.0006357026
-15 -27 0.0007123150
-14 -27 0.0007851667
-13 -27 0.0008510600
-12 -27 0.0009066613
-11 -27 0.0009486778
-10 -27 0.0009740507
-9 -27 0.0009801534
-8 -27 0.0009649768
-7 -27 0.0009272895
-6 -27 0.0008667569
-5 -27 0.0007840085
-4 -27 0.0006806468
-3 -27 0.0005591951
-2 -27 0.0004229869
-1 -27 0.0002760034
0 -27 0.0001226728
1 -27 -0.0000323562
2 -27 -0.0001844492
3 -27 -0.0003292129
4 -27 -0.0004626992
5 -27 -0.0005815734
6 -27 -0.0006832382
7 -27 -0.0007659074
8 -27 -0.0008286292
9 -27 -0.0008712612
10 -27 -0.0008944033
11 -27 -0.0008992973
12 -27 -0.0008877026
13 -27 -0.0008617588
14 -27 -0.0008238445
15 -27 -0.0007764416
16 -27 -0.0007220127
17 -27 -0.0006628954
18 -27 -0.0006012180
19 -27 -0.0005388374
20 -27 -0.0004772975
21 -27 -0.0004178081
22 -27 -0.0003612407
23 -27 -0.0003081368
24 -27 -0.0002587273
25 -27 -0.0002129588
26 -27 -0.0001705237
27 -27 -0.0001308937
28 -27 -0.0000933543
29 -27 -0.0000570398
30 -27 -0.0000209704
31 -27 -0.0000000000
-31 -26 0.0000000000
-30 -26 0.0000212106
-29 -26 0.0000389309
-28 -26 0.0000601937
-27 -26 0.0000861352
-26 -26 0.0001179059
-25 -26 0.0001566213
-24 -26 0.0002032964
-23 -26 0.0002587637
-22 -26 0.0003235785
-21 -26 0.0003979173
-20 -26 0.0004814769
-19 -26 0.0005733832
-18 -26 0.0006721224
-17 -26 0.0007755026
-16 -26 0.0008806588
-15 -26 0.0009841051
-14 -26 0.0010818417
-13 -26 0.0011695129
-12 -26 0.0012426122
-11 -26 0.0012967236
-10 -26 0.0013277835
-9 -26 0.0013323451
-8 -26 0.0013078246
-7 -26 0.0012527097
-6 -26 0.0011667108
-5 -26 0.0010508429
-4 -26 0.0009074266
-3 -26 0.0007400088
-2 -26 0.0005532042
-1 -26 0.0003524714
0 -26 0.0001438377
1 -26 -0.0000664077
2 -26 -0.0002720284
3 -26 -0.0004671435
4 -26 -0.0006464971
5 -26 -0.0008056793
6 -26 -0.0009412858
7 -26 -0.0010510108
8 -26 -0.0011336716
9 -26 -0.0011891696
10 -26 -0.0012183960
11 -26 -0.0012230932
12 -26 -0.0012056862
13 -26 -0.0011690965
14 -26 -0.0011165532
15 -26 -0.0010514115
16 -26 -0.0009769890
17 -26 -0.0008964266
18 -26 -0.0008125765
19 -26 -0.0007279205
20 -26 -0.0006445172
21 -26 -0.0005639747
22 -26 -0.0004874456
23 -26 -0.0004156409
24 -26 -0.0003488563
25 -26 -0.0002870080
26 -26 -0.0002296749
27 -26 -0.0001761440
28 -26 -0.0001254566
29 -26 -0.0000764576
30 -26 -0.0000278445
31 -26 -0.0000000000
-31 -25 0.0000000000
-30 -25 0.0000299441
-29 -25 0.0000547384
-28 -25 0.0000843422
-27 -25 0.0001202857
-26 -25 0.0001641023
-25 -25 0.0002172619
-24 -25 0.0002810807
-23 -25 0.0003566117
-22 -25 0.0004445190
-21 -25 0.0005449448
-20 -25 0.0006573789
-19 -25 0.0007805440
-18 -25 0.0009123105
-17 -25 0.0010496562
-16 -25 0.0011886808
-15 -25 0.0013246864
-14 -25 0.0014523271
-13 -25 0.0015658261
-12 -25 0.0016592525
-11 -25 0.0017268414
-10 -25 0.0017633398
-9 -25 0.0017643503
-8 -25 0.0017266483
-7 -25 0.0016484464
-6 -25 0.0015295813
-5 -25 0.0013716077
-4 -25 0.0011777868
-3 -25 0.0009529686
-2 -25 0.0007033741
-1 -25 0.0004362924
0 -25 0.0001597140
1 -25 -0.0001180724
2 -25 -0.0003888928
3 -25 -0.0006450798
4 -25 -0.0008798203
5 -25 -0.0010874366
6 -25 -0.0012635874
7 -25 -0.0014053802
8 -25 -0.0015113954
9 -25 -0.0015816281
10 -25 -0.0016173586
11 -25 -0.0016209666
12 -25 -0.0015957080
13 -25 -0.0015454698
14 -25 -0.0014745236
15 -25 -0.0013872888
16 -25 -0.0012881210
17 -25 -0.0011811314
18 -25 -0.0010700439
19 -25 -0.0009580908
20 -25 -0.0008479456
21 -25 -0.0007416897
22 -25 -0.0006408086
23 -25 -0.0005462108
24 -25 -0.0004582640
25 -25 -0.0003768433
26 -25 -0.0003013878
27 -25 -0.0002309597
28 -25 -0.0001643077
29 -25 -0.0000999306
30 -25 -0.0000361428
31 -25 -0.0000000000
-31 -24 0.0000000000
-30 -24 0.0000413998
-29 -24 0.0000753953
-28 -24 0.0001157859
-27 -24 0.0001645910
-26 -24 0.0002238139
-25 -24 0.0002953513
-24 -24 0.0003808740
-23 -24 0.0004816826
-22 -24 0.0005985446
-21 -24 0.0007315239
-20 -24 0.0008798159
-19 -24 0.0010416059
-18 -24 0.0012139683
-17 -24 0.0013928251
-16 -24 0.0015729778
-15 -24 0.0017482242
-14 -24 0.0019115642
-13 -24 0.0020554909
-12 -24 0.0021723552
-11 -24 0.0022547841
-10 -24 0.0022961256
-9 -24 0.0022908882
-8 -24 0.0022351406
-7 -24 0.0021268395
-6 -24 0.0019660554
-5 -24 0.0017550763
-4 -24 0.0014983757
-3 -24 0.0012024451
-2 -24 0.0008754998
-1 -24 0.0005270787
0 -24 0.0001675665
1 -24 -0.0001923282
2 -24 -0.0005421010
3 -24 -0.0008719513
4 -24 -0.0011732208
5 -24 -0.0014387443
6 -24 -0.0016630972
7 -24 -0.0018427285
8 -24 -0.0019759812
9 -24 -0.0020630084
10 -24 -0.0021055993
11 -24 -0.0021069358
12 -24 -0.0020713020
13 -24 -0.0020037687
14 -24 -0.0019098766
15 -24 -0.0017953348
16 -24 -0.0016657510
17 -24 -0.0015264034
18 -24 -0.0013820609
19 -24 -0.0012368516
20 -24 -0.0010941809
21 -24 -0.0009566915
22 -24 -0.0008262606
23 -24 -0.0007040262
24 -24 -0.0005904361
25 -24 -0.0004853111
26 -24 -0.0003879183
27 -24 -0.0002970497
28 -24 -0.0002111031
29 -24 -0.0001281657
30 -24 -0.0000460988
31 -24 -0.0000000000
-31 -23 0.0000000000
-30 -23 0.0000562223
-29 -23 0.0001020246
-28 -23 0.0001561812
-27 -23 0.0002213121
-26 -23 0.0002999900
-25 -23 0.0003946204
-24 -23 0.0005072860
-23 -23 0.0006395606
-22 -23 0.0007923020
-21 -23 0.0009654367
-20 -23 0.0011577560
-19 -23 0.0013667444
-18 -23 0.0015884635
-17 -23 0.0018175133
-16 -23 0.0020470885
-15 -23 0.0022691432
-14 -23 0.0024746683
-13 -23 0.0026540734
-12 -23 0.0027976603
-11 -23 0.0028961580
-10 -23 0.0029412866
-9 -23 0.0029263088
-8 -23 0.0028465254
-7 -23 0.0026996742
-6 -23 0.0024861976
-5 -23 0.0022093519
-4 -23 0.0018751463
-3 -23 0.0014921105
-2 -23 0.0010709053
-1 -23 0.0006238037
0 -23 0.0001640778
1 -23 -0.0002946634
2 -23 -0.0007391407
3 -23 -0.0011570294
4 -23 -0.0015375033
5 -23 -0.0018716669
6 -23 -0.0021528531
7 -23 -0.0023767782
8 -23 -0.0025415547
9 -23 -0.0026475739
10 -23 -0.0026972765
11 -23 -0.0026948394
12 -23 -0.0026458035
13 -23 -0.0025566749
14 -23 -0.0024345241
15 -23 -0.0022866075
16 -23 -0.0021200300
17 -23 -0.0019414607
18 -23 -0.0017569094
19 -23 -0.0015715663
20 -23 -0.0013897008
21 -23 -0.0012146156
22 -23 -0.0010486457
23 -23 -0.0008931949
24 -23 -0.0007487992
25 -23 -0.0006152091
26 -23 -0.0004914838
27 -23 -0.0003760918
28 -23 -0.0002670147
29 -23 -0.0001618538
30 -23 -0.0000579380
31 -23 -0.0000000000
-31 -22 0.0000000000
-30 -22 0.0000751122
-29 -22 0.0001358387
-28 -22 0.0002073060
-27 -22 0.0002928610
-26 -22 0.0003957574
-25 -22 0.0005189985
-24 -22 0.0006651389
-23 -22 0.0008360478
-22 -22 0.0010326495
-21 -22 0.0012546571
-20 -22 0.0015003238
-19 -22 0.0017662396
-18 -22 0.0020471999
-17 -22 0.0023361749
-16 -22 0.0026244001
-15 -22 0.0029016022
-14 -22 0.0031563648
-13 -22 0.0033766225
-12 -22 0.0035502635
-11 -22 0.0036658052
-10 -22 0.0037130970
-9 -22 0.0036840019
-8 -22 0.0035730012
-7 -22 0.0033776731
-6 -22 0.0030990026
-5 -22 0.0027414933
-4 -22 0.0023130640
-3 -22 0.0018247360
-2 -22 0.0012901267
-1 -22 0.0007247871
0 -22 0.0001454282
1 -22 -0.0004309081
2 -22 -0.0009876764
3 -22 -0.0015095990
4 -22 -0.0019833317
5 -22 -0.0023979861
6 -22 -0.0027454853
7 -22 -0.0030207394
8 -22 -0.0032216463
9 -22 -0.0033489316
10 -22 -0.0034058530
11 -22 -0.0033978013
12 -22 -0.0033318332
13 -22 -0.0032161720
14 -22 -0.0030597093
15 -22 -0.0028715364
16 -22 -0.0026605277
17 -22 -0.0024349914
18 -22 -0.0022023967
19 -22 -0.0019691784
20 -22 -0.0017406161
21 -22 -0.0015207813
22 -22 -0.0013125395
23 -22 -0.0011175991
24 -22 -0.0009365930
25 -22 -0.0007691830
26 -22 -0.0006141800
27 -22 -0.0004696702
28 -22 -0.0003331466
29 -22 -0.0002016429
30 -22 -0.0000718686
31 -22 -0.0000000000
-31 -21 0.0000000000
-30 -21 0.0000988048
-29 -21 0.0001781015
-28 -21 0.0002710013
-27 -21 0.0003817189
-26 -21 0.0005143096
-25 -21 0.0006724697
-24 -21 0.0008592852
-23 -21 0.0010769371
-22 -21 0.0013263804
-21 -21 0.0016070198
-20 -21 0.0019164120
-19 -21 0.0022500272
-18 -21 0.0026011062
-17 -21 0.0029606432
-16 -21 0.0033175219
-15 -21 0.0036588184
-14 -21 0.0039702738
-13 -21 0.0042369239
-12 -21 0.0044438546
-11 -21 0.0045770409
-10 -21 0.0046242125
-9 -21 0.0045756830
-8 -21 0.0044250775
-7 -21 0.0041698987
-6 -21 0.0038118805
-5 -21 0.0033570938
-4 -21 0.0028157901
-3 -21 0.0022019872
-2 -21 0.0015328232
-1 -21 0.0008277231
0 -21 0.0001074369
1 -21 -0.0006069837
2 -21 -0.0012951994
3 -21 -0.0019385213
4 -21 -0.0025207149
5 -21 -0.0030286252
6 -21 -0.0034525932
7 -21 -0.0037866530
8 -21 -0.0040285142
9 -21 -0.0041793498
10 -21 -0.0042434198
11 -21 -0.0042275724
12 -21 -0.0041406643
13 -21 -0.0039929447
14 -21 -0.0037954444
15 -21 -0.0035594020
16 -21 -0.0032957567
17 -21 -0.0030147252
18 -21 -0.0027254711
19 -21 -0.0024358715
20 -21 -0.0021523738
21 -21 -0.0018799347
22 -21 -0.0016220283
23 -21 -0.0013807091
24 -21 -0.0011567150
25 -21 -0.0009495998
26 -21 -0.0007578813
27 -21 -0.0005792000
28 -21 -0.0004104825
29 -21 -0.0002481066
30 -21 -0.0000880699
31 -21 -0.0000000000
-31 -20 0.0000000000
-30 -20 0.0001280404
-29 -20 0.0002300744
-28 -20 0.0003490910
-27 -20 0.0004903238
-26 -20 0.0006587587
-25 -20 0.0008588823
-24 -20 0.0010943692
-23 -20 0.0013677200
-22 -20 0.0016798711
-21 -20 0.0020298046
-20 -20 0.0024141968
-19 -20 0.0028271447
-18 -20 0.0032600137
-17 -20 0.0037014423
-16 -20 0.0041375364
-15 -20 0.0045522659
-14 -20 0.0049280673
-13 -20 0.0052466313
-12 -20 0.0054898372
-11 -20 0.0056407808
-10 -20 0.0056848243
-9 -20 0.0056105929
-8 -20 0.0054108389
-7 -20 0.0050831013
-6 -20 0.0046301022
-5 -20 0.0040598400
-4 -20 0.0033853634
-3 -20 0.0026242353
-2 -20 0.0017977213
-1 -20 0.0009297568
0 -20 0.0000457671
1 -20 -0.0008285784
2 -20 -0.0016685931
3 -20 -0.0024517003
4 -20 -0.0031583921
5 -20 -0.0037729670
6 -20 -0.0042840131
7 -20 -0.0046846251
8 -20 -0.0049723621
9 -20 -0.0051489716
10 -20 -0.0052199197
11 -20 -0.0051937747
12 -20 -0.0050814979
13 -20 -0.0048956943
14 -20 -0.0046498709
15 -20 -0.0043577451
16 -20 -0.0040326336
17 -20 -0.0036869452
18 -20 -0.0033317863
19 -20 -0.0029766842
20 -20 -0.0026294193
21 -20 -0.0022959564
22 -20 -0.0019804596
23 -20 -0.0016853723
24 -20 -0.0014115465
25 -20 -0.0011584057
26 -20 -0.0009241283
27 -20 -0.0007058425
28 -20 -0.0004998261
29 -20 -0.0003017095
30 -20 -0.0001066813
31 -20 -0.0000000000
-31 -19 0.0000000000
-30 -19 0.0001635249
-29 -19 0.0002929480
-28 -19 0.0004432793
-27 -19 0.0006209313
-26 -19 0.0008319526
-25 -19 0.0010817168
-24 -19 0.0013745390
-23 -19 0.0017132377
-22 -19 0.0020986655
-21 -19 0.0025292487
-20 -19 0.0030005772
-19 -19 0.0035050960
-18 -19 0.0040319479
-17 -19 0.0045670103
-16 -19 0.0050931605
-15 -19 0.0055907871
-14 -19 0.0060385432
-13 -19 0.0064143184
-12 -19 0.0066963782
-11 -19 0.0068646059
-10 -19 0.0069017600
-9 -19 0.0067946564
-8 -19 0.0065351811
-7 -19 0.0061210494
-6 -19 0.0055562427
-5 -19 0.0048510793
-4 -19 0.0040219025
-3 -19 0.0030904004
-2 -19 0.0020826009
-1 -19 0.0010276110
0 -19 -0.0000438120
1 -19 -0.0011007580
2 -19 -0.0021136300
3 -19 -0.0030554815
4 -19 -0.0039031467
5 -19 -0.0046381013
6 -19 -0.0052470166
7 -19 -0.0057219933
8 -19 -0.0060604886
9 -19 -0.0062649649
10 -19 -0.0063423107
11 -19 -0.0063030904
12 -19 -0.0061606880
13 -19 -0.0059304055
14 -19 -0.0056285757
15 -19 -0.0052717360
16 -19 -0.0048759027
17 -19 -0.0044559681
18 -19 -0.0040252367
19 -19 -0.0035950988
20 -19 -0.0031748372
21 -19 -0.0027715504
22 -19 -0.0023901755
23 -19 -0.0020335887
24 -19 -0.0017027645
25 -19 -0.0013969741
26 -19 -0.0011140084
27 -19 -0.0008504145
28 -19 -0.0006017383
29 -19 -0.0003627695
30 -19 -0.0001277894
31 -19 -0.0000000000
-31 -18 0.0000000000
-30 -18 0.0002058837
-29 -18 0.0003677607
-28 -18 0.0005550323
-27 -18 0.0007754525
-26 -18 0.0010362647
-25 -18 0.0013438218
-24 -18 0.0017031233
-23 -18 0.0021172910
-22 -18 0.0025870148
-21 -18 0.0031100137
-20 -18 0.0036805661
-19 -18 0.0042891675
-18 -18 0.0049223730
-17 -18 0.0055628775
-16 -18 0.0061898680
-15 -18 0.0067796691
-14 -18 0.0073066710
-13 -18 0.0077445107
-12 -18 0.0080674438
-11 -18 0.0082518242
-10 -18 0.0082775916
-9 -18 0.0081296560
-8 -18 0.0077990705
-7 -18 0.0072838932
-6 -18 0.0065896620
-5 -18 0.0057294311
-4 -18 0.0047233553
-3 -18 0.0035978430
-2 -18 0.0023843301
-1 -18 0.0011177612
0 -18 -0.0001651174
1 -18 -0.0014275361
2 -18 -0.0026344312
3 -18 -0.0037540146
4 -18 -0.0047590903
5 -18 -0.0056280472
6 -18 -0.0063454874
7 -18 -0.0069024754
8 -18 -0.0072964252
9 -18 -0.0075306628
10 -18 -0.0076137224
11 -18 -0.0075584460
12 -18 -0.0073809614
13 -18 -0.0070996117
14 -18 -0.0067339055
15 -18 -0.0063035425
16 -18 -0.0058275594
17 -18 -0.0053236238
18 -18 -0.0048074917
19 -18 -0.0042926292
20 -18 -0.0037899899
21 -18 -0.0033079309
22 -18 -0.0028522448
23 -18 -0.0024262843
24 -18 -0.0020311547
25 -18 -0.0016659526
26 -18 -0.0013280340
27 -18 -0.0010132974
28 -18 -0.0007164739
29 -18 -0.0004314206
30 -18 -0.0001514158
31 -18 -0.0000000000
-31 -17 0.0000000000
-30 -17 0.0002556088
-29 -17 0.0004553090
-28 -17 0.0006854465
-27 -17 0.0009552776
-26 -17 0.0012733675
-25 -17 0.0016471322
-24 -17 0.0020822881
-23 -17 0.0025822334
-22 -17 0.0031474010
-21 -17 0.0037746375
-20 -17 0.0044566715
-19 -17 0.0051817399
-18 -17 0.0059334382
-17 -17 0.0066908553
-16 -17 0.0074290298
-15 -17 0.0081197489
-14 -17 0.0087326763
-13 -17 0.0092367670
-12 -17 0.0096018962
-11 -17 0.0098006011
-10 -17 0.0098098185
-9 -17 0.0096124866
-8 -17 0.0091988867
-7 -17 0.0085676107
-6 -17 0.0077260676
-5 -17 0.0066904742
-4 -17 0.0054853178
-3 -17 0.0041423175
-2 -17 0.0026989512
-1 -17 0.0011966497
0 -17 -0.0003212177
1 -17 -0.0018114282
2 -17 -0.0032329230
3 -17 -0.0045486276
4 -17 -0.0057269680
5 -17 -0.0067430051
6 -17 -0.0075791375
7 -17 -0.0082253642
8 -17 -0.0086791234
9 -17 -0.0089447567
10 -17 -0.0090326668
11 -17 -0.0089582500
12 -17 -0.0087406915
13 -17 -0.0084017100
14 -17 -0.0079643291
15 -17 -0.0074517412
16 -17 -0.0068863135
17 -17 -0.0062887696
18 -17 -0.0056775619
19 -17 -0.0050684366
20 -17 -0.0044741807
21 -17 -0.0039045298
22 -17 -0.0033662121
23 -17 -0.0028630988
24 -17 -0.0023964341
25 -17 -0.0019651193
26 -17 -0.0015660301
27 -17 -0.0011943517
28 -17 -0.0008439223
29 -17 -0.0005075791
30 -17 -0.0001775063
31 -17 -0.0000000000
-31 -16 0.0000000000
-30 -16 0.0003130045
-29 -16 0.0005560539
-28 -16 0.0008351145
-27 -16 0.0011610973
-26 -16 0.0015440048
-25 -16 0.0019923881
-24 -16 0.0025126996
-23 -16 0.0031085729
-22 -16 0.0037800777
-21 -16 0.0045230127
-20 -16 0.0053283126
-19 -16 0.0061816464
-18 -16 0.0070632841
-17 -16 0.0079482983
-16 -16 0.0088071415
-15 -16 0.0096066193
-14 -16 0.0103112395
-13 -16 0.0108848850
-12 -16 0.0112927227
-11 -16 0.0115032291
-10 -16 0.0114901939
-9 -16 0.0112345533
-8 -16 0.0107259060
-7 -16 0.0099635871
-6 -16 0.0089571986
-5 -16 0.0077265430
-4 -16 0.0063009441
-3 -16 0.0047179958
-2 -16 0.0030218155
-1 -16 0.0012609258
0 -16 -0.0005140944
1 -16 -0.0022530259
2 -16 -0.0039083344
3 -16 -0.0054372590
4 -16 -0.0068035404
5 -16 -0.0079787008
6 -16 -0.0089428256
7 -16 -0.0096848329
8 -16 -0.0102022581
9 -16 -0.0105006086
10 -16 -0.0105923681
11 -16 -0.0104957481
12 -16 -0.0102332851
13 -16 -0.0098303845
14 -16 -0.0093138998
15 -16 -0.0087108221
16 -16 -0.0080471363
17 -16 -0.0073468812
18 -16 -0.0066314318
19 -16 -0.0059190035
20 -16 -0.0052243669
21 -16 -0.0045587478
22 -16 -0.0039298839
23 -16 -0.0033422042
24 -16 -0.0027971005
25 -16 -0.0022932598
26 -16 -0.0018270365
27 -16 -0.0013928443
28 -16 -0.0009835572
29 -16 -0.0005909136
30 -16 -0.0002059223
31 -16 -0.0000000000
-31 -15 0.0000000000
-30 -15 0.0003781336
-29 -15 0.0006700317
-28 -15 0.0010039973
-27 -15 0.0013927333
-26 -15 0.0018477795
-25 -15 0.0023788771
-24 -15 0.0029932179
-23 -15 0.0036946170
-22 -15 0.0044826647
-21 -15 0.0053519331
-20 -15 0.0062913216
-19 -15 0.0072836337
-18 -15 0.0083054690
-17 -15 0.0093275041
-16 -15 0.0103152081
-15 -15 0.0112300083
-14 -15 0.0120308818
-13 -15 0.0126763076
-12 -15 0.0131264753
-11 -15 0.0133456116
-10 -15 0.0133042648
-9 -15 0.0129813775
-8 -15 0.0123659817
-7 -15 0.0114583753
-6 -15 0.0102706712
-5 -15 0.0088266576
-4 -15 0.0071609621
-3 -15 0.0053175655
-2 -15 0.0033477603
-1 -15 0.0013076951
0 -15 -0.0007443292
1 -15 -0.0027506273
2 -15 -0.0046567803
3 -15 -0.0064140045
4 -15 -0.0079811003
5 -15 -0.0093258835
6 -15 -0.0104260437
7 -15 -0.0112694189
8 -15 -0.0118537168
9 -15 -0.0121857503
10 -15 -0.0122802776
11 -15 -0.0121585586
12 -15 -0.0118467411
13 -15 -0.0113741914
14 -15 -0.0107718692
15 -15 -0.0100708324
16 -15 -0.0093009344
17 -15 -0.0084897563
18 -15 -0.0076617933
19 -15 -0.0068378960
20 -15 -0.0060349504
21 -15 -0.0052657706
22 -15 -0.0045391695
23 -15 -0.0038601699
24 -15 -0.0032303188
25 -15 -0.0026480744
26 -15 -0.0021092352
27 -15 -0.0016073935
28 -15 -0.0011343989
29 -15 -0.0006808244
30 -15 -0.0002364343
31 -15 -0.0000000000
-31 -14 0.0000000000
-30 -14 0.0004507701
-29 -14 0.0007967744
-28 -14 0.0011913131
-27 -14 0.0016489955
-26 -14 0.0021829766
-25 -14 0.0028042227
-24 -14 0.0035206513
-23 -14 0.0043361929
-22 -14 0.0052498375
-21 -14 0.0062547541
-20 -14 0.0073375799
-19 -14 0.0084779800
-18 -14 0.0096485757
-17 -14 0.0108153172
-16 -14 0.0119383520
-15 -14 0.0129734013
-14 -14 0.0138736108
-13 -14 0.0145918002
-12 -14 0.0150829864
-11 -14 0.0153070249
-10 -14 0.0152311844
-9 -14 0.0148324636
-8 -14 0.0140994659
-7 -14 0.0130336748
-6 -14 0.0116500108
-5 -14 0.0099766081
-4 -14 0.0080538045
-3 -14 0.0059324029
-2 -14 0.0036713161
-1 -14 0.0013347557
0 -14 -0.0010108442
1 -14 -0.0032999615
2 -14 -0.0054709755
3 -14 -0.0074688242
4 -14 -0.0092471803
5 -14 -0.0107700352
6 -14 -0.0120126337
7 -14 -0.0129617486
8 -14 -0.0136153334
9 -14 -0.0139816295
10 -14 -0.0140778327
11 -14 -0.0139284442
12 -14 -0.0135634363
13 -14 -0.0130163586
14 -14 -0.0123225006
15 -14 -0.0115172030
16 -14 -0.0106343900
17 -14 -0.0097053680
18 -14 -0.0087579125
19 -14 -0.0078156432
20 -14 -0.0068976689
21 -14 -0.0060184729
22 -14 -0.0051879976
23 -14 -0.0044118895
24 -14 -0.0036918602
25 -14 -0.0030261280
26 -14 -0.0024099100
27 -14 -0.0018359391
28 -14 -0.0012949941
29 -14 -0.0007764316
30 -14 -0.0002687196
31 -14 -0.0000000000
-31 -13 0.0000000000
-30 -13 0.0005303619
-29 -13 0.0009352509
-28 -13 0.0013954559
-27 -13 0.0019275783
-26 -13 0.0025464392
-25 -13 0.0032642413
-24 -13 0.0040895971
-23 -13 0.0050264756
-22 -13 0.0060731452
-21 -13 0.0072212075
-20 -13 0.0084548344
-19 -13 0.0097503195
-18 -13 0.0110760510
-17 -13 0.0123929894
-16 -13 0.0136557023
-15 -13 0.0148139642
-14 -13 0.0158148822
-13 -13 0.0166054534
-12 -13 0.0171354150
-11 -13 0.0173602073
-10 -13 0.0172438424
-9 -13 0.0167614660
-8 -13 0.0159014088
-7 -13 0.0146665536
-6 -13 0.0130748915
-5 -13 0.0111592019
-4 -13 0.0089658559
-3 -13 0.0065528114
-2 -13 0.0039869307
-1 -13 0.0013408011
0 -13 -0.0013107250
1 -13 -0.0038940403
2 -13 -0.0063401168
3 -13 -0.0085874564
4 -13 -0.0105844955
5 -13 -0.0122913414
6 -13 -0.0136807810
7 -13 -0.0147385516
8 -13 -0.0154629193
9 -13 -0.0158636522
10 -13 -0.0159605068
11 -13 -0.0157813666
12 -13 -0.0153601804
13 -13 -0.0147348388
14 -13 -0.0139451178
15 -13 -0.0130307921
16 -13 -0.0120299981
17 -13 -0.0109778957
18 -13 -0.0099056532
19 -13 -0.0088397547
20 -13 -0.0078016088
21 -13 -0.0068074261
22 -13 -0.0058683196
23 -13 -0.0049905832
24 -13 -0.0041761016
25 -13 -0.0034228491
26 -13 -0.0027254457
27 -13 -0.0020757418
28 -13 -0.0014634161
29 -13 -0.0008765772
30 -13 -0.0003023644
31 -13 -0.0000000000
-31 -12 0.0000000000
-30 -12 0.0006160083
-29 -12 0.0010838328
-28 -12 0.0016139525
-27 -12 0.0022250110
-26 -12 0.0029335150
-25 -12 0.0037528897
-24 -12 0.0046923931
-23 -12 0.0057559499
-22 -12 0.0069409901
-21 -12 0.0082374037
-20 -12 0.0096267303
-19 -12 0.0110817116
-18 -12 0.0125663177
-17 -12 0.0140363409
-16 -12 0.0154406067
-15 -12 0.0167228091
-14 -12 0.0178239174
-13 -12 0.0186850511
-12 -12 0.0192506595
-11 -12 0.0194718079
-10 -12 0.0193093394
-9 -12 0.0187366778
-8 -12 0.0177420478
-7 -12 0.0163299258
-6 -12 0.0145215859
-5 -12 0.0123546731
-4 -12 0.0098818099
-3 -12 0.0071683167
-2 -12 0.0042891938
-1 -12 0.0013255692
0 -12 -0.0016391500
1 -12 -0.0045231651
2 -12 -0.0072499643
3 -12 -0.0097515672
4 -12 -0.0119711544
5 -12 -0.0138649541
6 -12 -0.0154033206
7 -12 -0.0165709981
8 -12 -0.0173666218
9 -12 -0.0178015527
10 -12 -0.0178981812
11 -12 -0.0176878512
12 -12 -0.0172085676
13 -12 -0.0165026419
14 -12 -0.0156144142
15 -12 -0.0145881679
16 -12 -0.0134663211
17 -12 -0.0122879510
18 -12 -0.0110876755
19 -12 -0.0098948922
20 -12 -0.0087333507
21 -12 -0.0076210215
22 -12 -0.0065702124
23 -12 -0.0055878811
24 -12 -0.0046760940
25 -12 -0.0038325840
26 -12 -0.0030513709
27 -12 -0.0023234157
28 -12 -0.0016372881
29 -12 -0.0009798388
30 -12 -0.0003368700
31 -12 -0.0000000000
-31 -11 0.0000000000
-30 -11 0.0007064568
-29 -11 0.0012402933
-28 -11 0.0018434668
-27 -11 0.0025366723
-26 -11 0.0033380862
-25 -11 0.0042623152
-24 -11 0.0053191976
-23 -11 0.0065125257
-22 -11 0.0078387869
-21 -11 0.0092860429
-20 -11 0.0108330818
-19 -11 0.0124489780
-18 -11 0.0140931827
-17 -11 0.0157162408
-16 -11 0.0172611867
-15 -11 0.0186656188
-14 -11 0.0198643935
-13 -11 0.0207928149
-12 -11 0.0213901432
-11 -11 0.0216031985
-10 -11 0.0213898081
-9 -11 0.0207218403
-8 -11 0.0195875844
-7 -11 0.0179932745
-6 -11 0.0159636155
-5 -11 0.0135412421
-4 -11 0.0107851226
-3 -11 0.0077680013
-2 -11 0.0045730454
-1 -11 0.0012899203
0 -11 -0.0019894421
1 -11 -0.0051751035
2 -11 -0.0081831358
3 -11 -0.0109391515
4 -11 -0.0133811527
5 -11 -0.0154615619
6 -11 -0.0171483662
7 -11 -0.0184253712
8 -11 -0.0192916219
9 -11 -0.0197601006
10 -11 -0.0198558474
11 -11 -0.0196136720
12 -11 -0.0190756330
13 -11 -0.0182884542
14 -11 -0.0173010291
15 -11 -0.0161621372
16 -11 -0.0149184677
17 -11 -0.0136130058
18 -11 -0.0122838136
19 -11 -0.0109631994
20 -11 -0.0096772546
21 -11 -0.0084457131
22 -11 -0.0072820831
23 -11 -0.0061939939
24 -11 -0.0051837022
25 -11 -0.0042487093
26 -11 -0.0033824458
27 -11 -0.0025749946
28 -11 -0.0018138298
29 -11 -0.0010845587
30 -11 -0.0003716636
31 -11 -0.0000000000
-31 -10 0.0000000000
-30 -10 0.0008001200
-29 -10 0.0014018419
-28 -10 0.0020798567
-27 -10 0.0028568745
-26 -10 0.0037526889
-25 -10 0.0047830195
-24 -10 0.0059582042
-23 -10 0.0072818156
-22 -10 0.0087493107
-21 -10 0.0103468436
-20 -10 0.0120503874
-19 -10 0.0138253112
-18 -10 0.0156265414
-17 -10 0.0173994083
-16 -10 0.0190812295
-15 -10 0.0206036251
-14 -10 0.0218954933
-13 -10 0.0228865107
-12 -10 0.0235109586
-11 -10 0.0237116317
-10 -10 0.0234435579
-9 -10 0.0226772483
-8 -10 0.0214012232
-7 -10 0.0196235975
-6 -10 0.0173725778
-5 -10 0.0146958022
-4 -10 0.0116585405
-3 -10 0.0083408621
-2 -10 0.0048339539
-1 -10 0.0012358342
0 -10 -0.0023532499
1 -10 -0.0058354416
2 -10 -0.0091196155
3 -10 -0.0121251814
4 -10 -0.0147851412
5 -10 -0.0170482565
6 -10 -0.0188802527
7 -10 -0.0202640602
8 -10 -0.0211991568
9 -10 -0.0217001311
10 -10 -0.0217946254
11 -10 -0.0215208416
12 -10 -0.0209247997
13 -10 -0.0200575325
14 -10 -0.0189723789
15 -10 -0.0177225095
16 -10 -0.0163587856
17 -10 -0.0149280140
18 -10 -0.0134716268
19 -10 -0.0120247851
20 -10 -0.0106158785
21 -10 -0.0092663764
22 -10 -0.0079909731
23 -10 -0.0067979669
24 -10 -0.0056898140
25 -10 -0.0046638012
26 -10 -0.0037127951
27 -10 -0.0028260325
28 -10 -0.0019899279
29 -10 -0.0011888864
30 -10 -0.0004061141
31 -10 -0.0000000000
-31 -9 0.0000000000
-30 -9 0.0008951152
-29 -9 0.0015651973
-28 -9 0.0023182849
-27 -9 0.0031790208
-26 -9 0.0041687242
-25 -9 0.0053041329
-24 -9 0.0065959912
-23 -9 0.0080475687
-22 -9 0.0096532274
-21 -9 0.0113971771
-20 -9 0.0132525769
-19 -9 0.0151811370
-18 -9 0.0171333574
-17 -9 0.0190495062
-16 -9 0.0208613900
-15 -9 0.0224949033
-14 -9 0.0238732774
-13 -9 0.0249208759
-12 -9 0.0255673223
-11 -9 0.0257516948
-10 -9 0.0254264969
-9 -9 0.0245611061
-8 -9 0.0231444283
-7 -9 0.0211865327
-6 -9 0.0187191121
-5 -9 0.0157947014
-4 -9 0.0124846795
-3 -9 0.0088761714
-2 -9 0.0050680529
-1 -9 0.0011663220
0 -9 -0.0027208548
1 -9 -0.0064880975
2 -9 -0.0100374581
3 -9 -0.0132824787
4 -9 -0.0161514422
5 -9 -0.0185896648
6 -9 -0.0205607545
7 -9 -0.0220468382
8 -9 -0.0230478284
9 -9 -0.0235798591
10 -9 -0.0236730602
11 -9 -0.0233688694
12 -9 -0.0227170825
13 -9 -0.0217728386
14 -9 -0.0205937142
15 -9 -0.0192370681
16 -9 -0.0177577452
17 -9 -0.0162062045
18 -9 -0.0146271047
19 -9 -0.0130583424
20 -9 -0.0115305171
21 -9 -0.0100667718
22 -9 -0.0086829511
23 -9 -0.0073880102
24 -9 -0.0061846123
25 -9 -0.0050698553
26 -9 -0.0040360818
27 -9 -0.0030717338
28 -9 -0.0021622274
29 -9 -0.0012908326
30 -9 -0.0004395510
31 -9 -0.0000000000
-31 -8 0.0000000000
-30 -8 0.0009893252
-29 -8 0.0017266946
-28 -8 0.0025533806
-27 -8 0.0034958277
-26 -8 0.0045767527
-25 -8 0.0058137916
-24 -8 0.0072179926
-23 -8 0.0087922473
-22 -8 0.0105297848
-21 -8 0.0124128826
-20 -8 0.0144119563
-19 -8 0.0164851936
-18 -8 0.0185788742
-17 -8 0.0206284793
-16 -8 0.0225606428
-15 -8 0.0242959239
-14 -8 0.0257523121
-13 -8 0.0268492972
-12 -8 0.0275122726
-11 -8 0.0276769912
-10 -8 0.0272937603
-9 -8 0.0263310656
-8 -8 0.0247783349
-7 -8 0.0226476083
-6 -8 0.0199739568
-5 -8 0.0168145812
-4 -8 0.0132466239
-3 -8 0.0093638239
-2 -8 0.0052722300
-1 -8 0.0010852568
0 -8 -0.0030815896
1 -8 -0.0071159744
2 -8 -0.0109136548
3 -8 -0.0143827694
4 -8 -0.0174472626
5 -8 -0.0200492898
6 -8 -0.0221505225
7 -8 -0.0237323622
8 -8 -0.0247951360
9 -8 -0.0253564148
10 -8 -0.0254486345
11 -8 -0.0251162293
12 -8 -0.0244124911
13 -8 -0.0233963637
14 -8 -0.0221293529
15 -8 -0.0206727062
16 -8 -0.0190849720
17 -8 -0.0174200116
18 -8 -0.0157254948
19 -8 -0.0140418787
20 -8 -0.0124018371
21 -8 -0.0108300918
22 -8 -0.0093435799
23 -8 -0.0079518900
24 -8 -0.0066578992
25 -8 -0.0054585494
26 -8 -0.0043457133
27 -8 -0.0033071096
28 -8 -0.0023272402
29 -8 -0.0013883340
30 -8 -0.0004712871
31 -8 -0.0000000000
-31 -7 0.0000000000
-30 -7 0.0010804779
-29 -7 0.0018824253
-28 -7 0.0027794447
-27 -7 0.0037996058
-26 -7 0.0049668596
-25 -7 0.0062995988
-24 -7 0.0078090670
-23 -7 0.0094977136
-22 -7 0.0113576291
-21 -7 0.0133692213
-20 -7 0.0155003043
-19 -7 0.0177057707
-18 -7 0.0199279937
-17 -7 0.0220980639
-16 -7 0.0241379099
-15 -7 0.0259632777
-14 -7 0.0274874674
-13 -7 0.0286256502
-12 -7 0.0292995162
-11 -7 0.0294419577
-10 -7 0.0290014589
-9 -7 0.0279458663
-8 -7 0.0262652408
-7 -7 0.0239735508
-6 -7 0.0211090430
-5 -7 0.0177332278
-4 -7 0.0139285169
-3 -7 0.0097946532
-2 -7 0.0054441639
-1 -7 0.0009971358
0 -7 -0.0034243424
1 -7 -0.0077017131
2 -7 -0.0117251125
3 -7 -0.0153978608
4 -7 -0.0186400386
5 -7 -0.0213909886
6 -7 -0.0236106616
7 -7 -0.0252798158
8 -7 -0.0263991506
9 -7 -0.0269875201
10 -7 -0.0270794194
11 -7 -0.0267219598
12 -7 -0.0259715606
13 -7 -0.0248905728
14 -7 -0.0235440278
15 -7 -0.0219966682
16 -7 -0.0203103792
17 -7 -0.0185420947
18 -7 -0.0167422127
19 -7 -0.0149535178
20 -7 -0.0132105785
21 -7 -0.0115395666
22 -7 -0.0099584326
23 -7 -0.0084773639
24 -7 -0.0070994567
25 -7 -0.0058215361
26 -7 -0.0046350724
27 -7 -0.0035271508
28 -7 -0.0024814664
29 -7 -0.0014793249
30 -7 -0.0005006422
31 -7 -0.0000000000
-31 -6 0.0000000000
-30 -6 0.0011662404
-29 -6 0.0020283991
-28 -6 0.0029906871
-27 -6 0.0040825804
-26 -6 0.0053290691
-25 -6 0.0067491437
-24 -6 0.0083541317
-23 -6 0.0101459913
-22 -6 0.0121157009
-21 -6 0.0142419137
-20 -6 0.0164900548
-19 -6 0.0188120369
-18 -6 0.0211467431
-17 -6 0.0234213833
-16 -6 0.0255537687
-15 -6 0.0274554743
-14 -6 0.0290357793
-13 -6 0.0302061949
-12 -6 0.0308853204
-11 -6 0.0310037154
-10 -6 0.0305084483
-9 -6 0.0293669829
-8 -6 0.0275700963
-7 -6 0.0251335804
-6 -6 0.0220985639
-5 -6 0.0185303926
-4 -6 0.0145161125
-3 -6 0.0101607046
-2 -6 0.0055823148
-1 -6 0.0009067914
0 -6 -0.0037381125
1 -6 -0.0082284980
2 -6 -0.0124496853
3 -6 -0.0163008711
4 -6 -0.0196988313
5 -6 -0.0225805017
6 -6 -0.0249043572
7 -6 -0.0266505993
8 -6 -0.0278202364
9 -6 -0.0284332105
10 -6 -0.0285257692
11 -6 -0.0281473090
12 -6 -0.0273569251
13 -6 -0.0262198922
14 -6 -0.0248042745
15 -6 -0.0231778310
16 -6 -0.0214053362
17 -6 -0.0195463944
18 -6 -0.0176537853
19 -6 -0.0157723352
20 -6 -0.0139382846
21 -6 -0.0121790962
22 -6 -0.0105136334
23 -6 -0.0089526370
24 -6 -0.0074994249
25 -6 -0.0061507500
26 -6 -0.0048977595
27 -6 -0.0037270117
28 -6 -0.0026215214
29 -6 -0.0015618126
30 -6 -0.0005269687
31 -6 -0.0000000000
-31 -5 0.0000000000
-30 -5 0.0012443216
-29 -5 0.0021607204
-28 -5 0.0031814825
-27 -5 0.0043372340
-26 -5 0.0056537837
-25 -5 0.0071505469
-24 -5 0.0088388250
-23 -5 0.0107200524
-22 -5 0.0127841555
-21 -5 0.0150081979
-20 -5 0.0173554948
-19 -5 0.0197753749
-18 -5 0.0222037408
-17 -5 0.0245645328
-16 -5 0.0267721382
-15 -5 0.0287347084
-14 -5 0.0303582681
-13 -5 0.0315514147
-12 -5 0.0322303393
-11 -5 0.0323238453
-10 -5 0.0317780168
-9 -5 0.0305601887
-8 -5 0.0286619058
-7 -5 0.0261006204
-6 -5 0.0229199647
-5 -5 0.0191885389
-4 -5 0.0149972635
-3 -5 0.0104554547
-2 -5 0.0056858740
-1 -5 0.0008190754
0 -5 -0.0040125802
1 -5 -0.0086808624
2 -5 -0.0130671932
3 -5 -0.0170674348
4 -5 -0.0205956887
5 -5 -0.0235869383
6 -5 -0.0259984536
7 -5 -0.0278099681
8 -5 -0.0290227184
9 -5 -0.0296575026
10 -5 -0.0297519633
11 -5 -0.0293573273
12 -5 -0.0285348441
13 -5 -0.0273521525
14 -5 -0.0258797810
15 -5 -0.0241879515
16 -5 -0.0223438098
17 -5 -0.0204091654
18 -5 -0.0184387761
19 -5 -0.0164791773
20 -5 -0.0145680218
21 -5 -0.0127338745
22 -5 -0.0109963928
23 -5 -0.0093668141
24 -5 -0.0078486785
25 -5 -0.0064387148
26 -5 -0.0051278352
27 -5 -0.0039021917
28 -5 -0.0027442632
29 -5 -0.0016339514
30 -5 -0.0005496754
31 -5 -0.0000000000
-31 -4 0.0000000000
-30 -4 0.0013125776
-29 -4 0.0022757668
-28 -4 0.0033466271
-27 -4 0.0045566489
-26 -4 0.0059322195
-25 -4 0.0074929978
-24 -4 0.0092501531
-23 -4 0.0112045816
-22 -4 0.0133452497
-21 -4 0.0156478424
-20 -4 0.0180739030
-19 -4 0.0205706422
-18 -4 0.0230715708
-17 -4 0.0254980558
-16 -4 0.0277618401
-15 -4 0.0297684837
-14 -4 0.0314216011
-13 -4 0.0326276887
-12 -4 0.0333012636
-11 -4 0.0333699837
-10 -4 0.0327793935
-9 -4 0.0314969431
-8 -4 0.0295149649
-7 -4 0.0268523550
-6 -4 0.0235547977
-5 -4 0.0196934760
-4 -4 0.0153623221
-3 -4 0.0106739719
-2 -4 0.0057546824
-1 -4 0.0007385422
0 -4 -0.0042386485
1 -4 -0.0090454395
2 -4 -0.0135603621
3 -4 -0.0176768064
4 -4 -0.0213068874
5 -4 -0.0243841292
6 -4 -0.0268648875
7 -4 -0.0287285192
8 -4 -0.0299763943
9 -4 -0.0306299071
10 -4 -0.0307276970
11 -4 -0.0303223171
12 -4 -0.0294765923
13 -4 -0.0282599064
14 -4 -0.0267446221
15 -4 -0.0250028103
16 -4 -0.0231034134
17 -4 -0.0211099274
18 -4 -0.0190786396
19 -4 -0.0170574221
20 -4 -0.0150850477
21 -4 -0.0131909713
22 -4 -0.0113955076
23 -4 -0.0097103247
24 -4 -0.0081391809
25 -4 -0.0066788312
26 -4 -0.0053200482
27 -4 -0.0040487086
28 -4 -0.0028469121
29 -4 -0.0016941133
30 -4 -0.0005682505
31 -4 -0.0000000000
-31 -3 0.0000000000
-30 -3 0.0013691120
-29 -3 0.0023703580
-28 -3 0.0034815803
-27 -3 0.0047348270
-26 -3 0.0061568104
-25 -3 0.0077672488
-24 -3 0.0095770811
-23 -3 0.0115866685
-22 -3 0.0137841387
-21 -3 0.0161440488
-20 -3 0.0186265563
-19 -3 0.0211772771
-18 -3 0.0237279802
-17 -3 0.0261982199
-16 -3 0.0284979390
-15 -3 0.0305309981
-14 -3 0.0321995001
-13 -3 0.0334086972
-12 -3 0.0340721990
-11 -3 0.0341171459
-10 -3 0.0334889892
-9 -3 0.0321555244
-8 -3 0.0301098609
-7 -3 0.0273720770
-6 -3 0.0239893988
-5 -3 0.0200348512
-4 -3 0.0156044374
-3 -3 0.0108130150
-2 -3 0.0057891320
-1 -3 0.0006691565
0 -3 -0.0044089189
1 -3 -0.0093116082
2 -3 -0.0139156222
3 -3 -0.0181127935
4 -3 -0.0218139780
5 -3 -0.0249517611
6 -3 -0.0274818892
7 -3 -0.0293834367
8 -3 -0.0306578028
9 -3 -0.0313266984
10 -3 -0.0314293350
11 -3 -0.0310190519
12 -3 -0.0301596325
13 -3 -0.0289215430
14 -3 -0.0273783065
15 -3 -0.0256031855
16 -3 -0.0236663023
17 -3 -0.0216322821
18 -3 -0.0195584578
19 -3 -0.0174936358
20 -3 -0.0154773919
21 -3 -0.0135398391
22 -3 -0.0117017988
23 -3 -0.0099752947
24 -3 -0.0083642952
25 -3 -0.0068656323
26 -3 -0.0054700378
27 -3 -0.0041632503
28 -3 -0.0029271570
29 -3 -0.0017409498
30 -3 -0.0005822806
31 -3 -0.0000000000
-31 -2 0.0000000000
-30 -2 0.0014123650
-29 -2 0.0024419039
-28 -2 0.0035826752
-27 -2 0.0048669653
-26 -2 0.0063215532
-25 -2 0.0079660345
-24 -2 0.0098110286
-23 -2 0.0118563829
-22 -2 0.0140895322
-21 -2 0.0164841870
-20 -2 0.0189995425
-19 -2 0.0215801822
-18 -2 0.0241568256
-17 -2 0.0266480162
-16 -2 0.0289627801
-15 -2 0.0310042055
-14 -2 0.0326738099
-13 -2 0.0338764787
-12 -2 0.0345256916
-11 -2 0.0345487004
-10 -2 0.0338913011
-9 -2 0.0325218467
-8 -2 0.0304341860
-7 -2 0.0276492822
-6 -2 0.0242153523
-5 -2 0.0202064764
-4 -2 0.0157197393
-3 -2 0.0108710722
-2 -2 0.0057900602
-1 -2 0.0006140492
0 -2 -0.0045180672
1 -2 -0.0094719904
2 -2 -0.0141237149
3 -2 -0.0183644589
4 -2 -0.0221045682
5 -2 -0.0252762251
6 -2 -0.0278348806
7 -2 -0.0297594223
8 -2 -0.0310511713
9 -2 -0.0317318669
10 -2 -0.0318408525
11 -2 -0.0314316975
12 -2 -0.0305685043
13 -2 -0.0293221366
14 -2 -0.0277665787
15 -2 -0.0259756020
16 -2 -0.0240198670
17 -2 -0.0219645475
18 -2 -0.0198675156
19 -2 -0.0177780902
20 -2 -0.0157363157
21 -2 -0.0137727177
22 -2 -0.0119084626
23 -2 -0.0101558471
24 -2 -0.0085190374
25 -2 -0.0069949908
26 -2 -0.0055744983
27 -2 -0.0042433003
28 -2 -0.0029832417
29 -2 -0.0017734420
30 -2 -0.0005914663
31 -2 -0.0000000000
-31 -1 0.0000000000
-30 -1 0.0014411852
-29 -1 0.0024885230
-28 -1 0.0036472835
-27 -1 0.0049496706
-26 -1 0.0064222732
-25 -1 0.0080843891
-24 -1 0.0099462405
-23 -1 0.0120071984
-22 -1 0.0142541691
-21 -1 0.0166603200
-20 -1 0.0191843293
-19 -1 0.0217703330
-18 -1 0.0243487136
-17 -1 0.0268378233
-16 -1 0.0291466673
-15 -1 0.0311784961
-14 -1 0.0328351701
-13 -1 0.0340220811
-12 -1 0.0346533464
-11 -1 0.0346569445
-10 -1 0.0339794355
-9 -1 0.0325899201
-8 -1 0.0304829264
-7 -1 0.0276799831
-6 -1 0.0242297240
-5 -1 0.0202064778
-4 -1 0.0157074032
-3 -1 0.0108483422
-2 -1 0.0057586505
-1 -1 0.0005753398
0 -1 -0.0045630942
1 -1 -0.0095227689
2 -1 -0.0141800720
3 -1 -0.0184265530
4 -1 -0.0221728003
5 -1 -0.0253511313
6 -1 -0.0279170181
7 -1 -0.0298492600
8 -1 -0.0311489939
9 -1 -0.0318377007
10 -1 -0.0319544167
11 -1 -0.0315523834
12 -1 -0.0306953816
13 -1 -0.0294539834
14 -1 -0.0279019309
15 -1 -0.0261128156
16 -1 -0.0241571872
17 -1 -0.0221001789
18 -1 -0.0199996876
19 -1 -0.0179051136
20 -1 -0.0158566278
21 -1 -0.0138849140
22 -1 -0.0120113161
23 -1 -0.0102483143
24 -1 -0.0086002556
25 -1 -0.0070642679
26 -1 -0.0056312982
27 -1 -0.0042872277
28 -1 -0.0030140284
29 -1 -0.0017909372
30 -1 -0.0005956321
31 -1 -0.0000000000
-31 0 0.0000000000
-30 0 0.0014548791
-29 0 0.0025091220
-28 0 0.0036739265
-27 0 0.0049810994
-26 0 0.0064567928
-25 0 0.0081198429
-24 0 0.0099800102
-23 0 0.0120362391
-22 0 0.0142750853
-21 0 0.0166694871
-20 0 0.0191780593
-19 0 0.0217450788
-18 0 0.0243013023
-17 0 0.0267657023
-16 0 0.0290481460
-15 0 0.0310529617
-14 0 0.0326832573
-13 0 0.0338457762
-12 0 0.0344560127
-11 0 0.0344432571
-10 0 0.0337552263
-9 0 0.0323619361
-8 0 0.0302585164
-7 0 0.0274667315
-6 0 0.0240350564
-5 0 0.0200372662
-4 0 0.0155695996
-3 0 0.0107466651
-2 0 0.0056963468
-1 0 0.0005540371
0 0 -0.0045434361
1 0 -0.0094638087
2 0 -0.0140849450
3 0 -0.0182996522
4 0 -0.0220194983
5 0 -0.0251774643
6 0 -0.0277293568
7 0 -0.0296539872
8 0 -0.0309522100
9 0 -0.0316449719
10 0 -0.0317705774
11 0 -0.0313813988
12 0 -0.0305402711
13 0 -0.0293168024
14 0 -0.0277838038
15 0 -0.0260140108
16 0 -0.0240772240
17 0 -0.0220379546
18 0 -0.0199536147
19 0 -0.0178732578
20 0 -0.0158368390
21 0 -0.0138749452
22 0 -0.0120089258
23 0 -0.0102513520
24 0 -0.0086067296
25 0 -0.0070723967
26 0 -0.0056395482
27 0 -0.0042943392
28 0 -0.0030190331
29 0 -0.0017931687
30 0 -0.0005947318
31 0 -0.0000000000
-31 1 0.0000000000
-30 1 0.0014532363
-29 1 0.0025034337
-28 1 0.0036623228
-27 1 0.0049610152
-26 1 0.0064249954
-25 1 0.0080724889
-24 1 0.0099127439
-23 1 0.0119443381
-22 1 0.0141536607
-21 1 0.0165137352
-20 1 0.0189835595
-19 1 0.0215081257
-18 1 0.0240192528
-17 1 0.0264373146
-16 1 0.0286738850
-15 1 0.0306352414
-14 1 0.0322265955
-13 1 0.0333568398
-12 1 0.0339435363
-11 1 0.0339178312
-10 1 0.0332289557
-9 1 0.0318479851
-8 1 0.0297705624
-7 1 0.0270183598
-6 1 0.0236391347
-5 1 0.0197053374
-4 1 0.0153113341
-3 1 0.0105694079
-2 1 0.0056047875
-1 1 0.0005500236
0 1 -0.0044609326
1 1 -0.0092985783
2 1 -0.0138432866
3 1 -0.0179900051
4 1 -0.0216519855
5 1 -0.0247633805
6 1 -0.0272806347
7 1 -0.0291826744
8 1 -0.0304699852
9 1 -0.0311627253
10 1 -0.0312980698
11 1 -0.0309270122
12 1 -0.0301108523
13 1 -0.0289175964
14 1 -0.0274184694
15 1 -0.0256847062
16 1 -0.0237847469
17 1 -0.0217819223
18 1 -0.0197326684
19 1 -0.0176852768
20 1 -0.0156791538
21 1 -0.0137445382
22 1 -0.0119026149
23 1 -0.0101659511
24 1 -0.0085391844
25 1 -0.0070198965
26 1 -0.0055996138
27 1 -0.0042648898
28 1 -0.0029984335
29 1 -0.0017802601
30 1 -0.0005888475
31 1 -0.0000000000
-31 2 0.0000000000
-30 2 0.0014365291
-29 2 0.0024720112
-28 2 0.0036133749
-27 2 0.0048907629
-26 2 0.0063287824
-25 2 0.0079449182
-24 2 0.0097478679
-23 2 0.0117359105
-22 2 0.0138954513
-21 2 0.0161999032
-20 2 0.0186090737
-19 2 0.0210692126
-18 2 0.0235138470
-17 2 0.0258654810
-16 2 0.0280381785
-15 2 0.0299409713
-14 2 0.0314819625
-13 2 0.0325729223
-12 2 0.0331341097
-11 2 0.0330990166
-10 2 0.0324187071
-9 2 0.0310654359
-8 2 0.0290352655
-7 2 0.0263494636
-6 2 0.0230545452
-5 2 0.0192209175
-4 2 0.0149401912
-3 2 0.0103213129
-2 2 0.0054857626
-1 2 0.0005621197
0 2 -0.0043196574
1 2 -0.0090338840
2 2 -0.0134643972
3 2 -0.0175091036
4 2 -0.0210835944
5 2 -0.0241236704
6 2 -0.0265867028
7 2 -0.0284518370
8 2 -0.0297191201
9 2 -0.0304076952
10 2 -0.0305532501
11 2 -0.0302049357
12 2 -0.0294219767
13 2 -0.0282701918
14 2 -0.0268186152
15 2 -0.0251363832
16 2 -0.0232900073
17 2 -0.0213411161
18 2 -0.0193447085
19 2 -0.0173479232
20 2 -0.0153893007
21 2 -0.0134984921
22 2 -0.0116963521
23 2 -0.0099953486
24 2 -0.0084002208
25 2 -0.0069088193
26 2 -0.0055130756
27 2 -0.0042000534
28 2 -0.0029530482
29 2 -0.0017527119
30 2 -0.0005781841
31 2 -0.0000000000
-31 3 0.0000000000
-30 3 0.0014054866
-29 3 0.0024161799
-28 3 0.0035290954
-27 3 0.0047731635
-26 3 0.0061719314
-25 3 0.0077420328
-24 3 0.0094915899
-23 3 0.0114186543
-22 3 0.0135098229
-21 3 0.0157391828
-20 3 0.0180677445
-19 3 0.0204435117
-18 3 0.0228023062
-17 3 0.0250694203
-16 3 0.0271621119
-15 3 0.0289928866
-14 3 0.0304734399
-13 3 0.0315190650
-12 3 0.0320532719
-11 3 0.0320123268
-10 3 0.0313494003
-9 3 0.0300380239
-8 3 0.0280745867
-7 3 0.0254796649
-6 3 0.0222980564
-5 3 0.0185974795
-4 3 0.0144659975
-3 3 0.0100083171
-2 3 0.0053411914
-1 3 0.0005882192
0 3 -0.0041256322
1 3 -0.0086794423
2 3 -0.0129613697
3 3 -0.0168730175
4 3 -0.0203329102
5 3 -0.0232789313
6 3 -0.0256696481
7 3 -0.0274845296
8 3 -0.0287231337
9 3 -0.0294033977
10 3 -0.0295592116
11 3 -0.0292374774
12 3 -0.0284948685
13 3 -0.0273944951
14 3 -0.0260026608
15 3 -0.0243858676
16 3 -0.0226081852
17 3 -0.0207290678
18 3 -0.0188016571
19 3 -0.0168715797
20 3 -0.0149762186
21 3 -0.0131444130
22 3 -0.0113965305
23 3 -0.0097448474
24 3 -0.0081941695
25 3 -0.0067426342
26 3 -0.0053826394
27 3 -0.0041018561
28 3 -0.0028842907
29 3 -0.0017113737
30 3 -0.0005630581
31 3 -0.0000000000
-31 4 0.0000000000
-30 4 0.0013612473
-29 4 0.0023379530
-28 4 0.0034124805
-27 4 0.0046123405
-26 4 0.0059598668
-25 4 0.0074707536
-24 4 0.0091525348
-23 4 0.0110031062
-22 4 0.0130094190
-21 4 0.0151464913
-20 4 0.0173768871
-19 4 0.0196508016
-18 4 0.0219068646
-17 4 0.0240737288
-16 4 0.0260724553
-15 4 0.0278196431
-14 4 0.0292311803
-13 4 0.0302264334
-12 4 0.0307326328
-11 4 0.0306891796
-10 4 0.0300515781
-9 4 0.0287947122
-8 4 0.0269152101
-7 4 0.0244327045
-6 4 0.0213898633
-5 4 0.0178511584
-4 4 0.0139004238
-3 4 0.0096373483
-2 4 0.0051731173
-1 4 0.0006254804
0 4 -0.0038864463
1 4 -0.0082473243
2 4 -0.0123503762
3 4 -0.0161015434
4 4 -0.0194228049
5 4 -0.0222545126
6 4 -0.0245566746
7 4 -0.0263091876
8 4 -0.0275110904
9 4 -0.0281789636
10 4 -0.0283446439
11 4 -0.0280524442
12 4 -0.0273560832
13 4 -0.0263155183
14 4 -0.0249938588
15 4 -0.0234545082
16 4 -0.0217586491
17 4 -0.0199631471
18 4 -0.0181189162
19 4 -0.0162697527
20 4 -0.0144516199
21 4 -0.0126923420
22 4 -0.0110116554
23 4 -0.0094215556
24 4 -0.0079268783
25 4 -0.0065260565
26 4 -0.0052120030
27 4 -0.0039730768
28 4 -0.0027940999
29 4 -0.0016574032
30 4 -0.0005438830
31 4 -0.0000000000
-31 5 0.0000000000
-30 5 0.0013052931
-29 5 0.0022399166
-28 5 0.0032673415
-27 5 0.0044134908
-26 5 0.0056993626
-25 5 0.0071396458
-24 5 0.0087412839
-23 5 0.0105020857
-22 5 0.0124095017
-21 5 0.0144397039
-20 5 0.0165571088
-19 5 0.0187144729
-18 5 0.0208536642
-17 5 0.0229071716
-16 5 0.0248003632
-15 5 0.0264544400
-14 5 0.0277899738
-13 5 0.0287308518
-12 5 0.0292084041
-11 5 0.0291654551
-10 5 0.0285600225
-9 5 0.0273683974
-8 5 0.0255873704
-7 5 0.0232354187
-6 5 0.0203527400
-5 5 0.0170001003
-4 5 0.0132565449
-3 5 0.0092161071
-2 5 0.0049837149
-1 5 0.0006705553
0 5 -0.0036108152
1 5 -0.0077513147
2 5 -0.0116498466
3 5 -0.0152172272
4 5 -0.0183793291
5 5 -0.0210793038
6 5 -0.0232788165
7 5 -0.0249582934
8 5 -0.0261162461
9 5 -0.0267677897
10 5 -0.0269425109
11 5 -0.0266818649
12 5 -0.0260362924
13 5 -0.0250622373
14 5 -0.0238192347
15 5 -0.0223672067
16 5 -0.0207640764
17 5 -0.0190637734
18 5 -0.0173146700
19 5 -0.0155584599
20 5 -0.0138294596
21 5 -0.0121543005
22 5 -0.0105519579
23 5 -0.0090340644
24 5 -0.0076054466
25 5 -0.0062648340
26 5 -0.0050056891
27 5 -0.0038171214
28 5 -0.0026848530
29 5 -0.0015922141
30 5 -0.0005211510
31 5 -0.0000000000
-31 6 0.0000000000
-30 6 0.0012393703
-29 6 0.0021250939
-28 6 0.0030981071
-27 6 0.0041826173
-26 6 0.0053981983
-25 6 0.0067584890
-24 6 0.0082698499
-23 6 0.0099300665
-22 6 0.0117272123
-21 6 0.0136387973
-20 6 0.0156313331
-19 6 0.0176604331
-18 6 0.0196715441
-17 6 0.0216013648
-16 6 0.0233799617
-15 6 0.0249335315
-14 6 0.0261877056
-13 6 0.0270712325
-12 6 0.0275198287
-11 6 0.0274799580
-10 6 0.0269122823
-9 6 0.0257945370
-8 6 0.0241236107
-7 6 0.0219166592
-6 6 0.0192111457
-5 6 0.0160637768
-4 6 0.0125483792
-3 6 0.0087528405
-2 6 0.0047753010
-1 6 0.0007198351
0 6 -0.0033081087
1 6 -0.0072062302
2 6 -0.0108795970
3 6 -0.0142443249
4 6 -0.0172305331
5 6 -0.0197844445
6 6 -0.0218695665
7 6 -0.0234669526
8 6 -0.0245745997
9 6 -0.0252060914
10 6 -0.0253886282
11 6 -0.0251606135
12 6 -0.0245689693
13 6 -0.0236663535
14 6 -0.0225084348
15 6 -0.0211513559
16 6 -0.0196494881
17 6 -0.0180535476
18 6 -0.0164091123
19 6 -0.0147555499
20 6 -0.0131253430
21 6 -0.0115437793
22 6 -0.0100289612
23 6 -0.0085920834
24 6 -0.0072379245
25 6 -0.0059655033
26 6 -0.0047688533
27 6 -0.0036378790
28 6 -0.0025592653
29 6 -0.0015174170
30 6 -0.0004954130
31 6 -0.0000000000
-31 7 0.0000000000
-30 7 0.0011654034
-29 7 0.0019967978
-28 7 0.0029096088
-27 7 0.0039262427
-26 7 0.0050647913
-25 7 0.0063378204
-24 7 0.0077511224
-23 7 0.0093025164
-22 7 0.0109807985
-21 7 0.0127649594
-20 7 0.0146237892
-19 7 0.0165159774
-18 7 0.0183907980
-17 7 0.0201894281
-16 7 0.0218469110
-15 7 0.0232947153
-14 7 0.0244637934
-13 7 0.0252879888
-12 7 0.0257075989
-11 7 0.0256728708
-10 7 0.0251471958
-9 7 0.0241097729
-8 7 0.0225575395
-7 7 0.0205062110
-6 7 0.0179903308
-5 7 0.0150622998
-4 7 0.0117904270
-3 7 0.0082561142
-2 7 0.0045503441
-1 7 0.0007696935
0 7 -0.0029878829
1 7 -0.0066272405
2 7 -0.0100599589
3 7 -0.0132077643
4 7 -0.0160052868
5 7 -0.0184020305
6 7 -0.0203634977
7 7 -0.0218714599
8 7 -0.0229234315
9 7 -0.0235314395
10 7 -0.0237202223
11 7 -0.0235250101
12 7 -0.0229890492
13 7 -0.0221610270
14 7 -0.0210925432
15 7 -0.0198357493
16 7 -0.0184412530
17 7 -0.0169563529
18 7 -0.0154236421
19 7 -0.0138799919
20 7 -0.0123559038
21 7 -0.0108752014
22 7 -0.0094550208
23 7 -0.0081060535
24 7 -0.0068329916
25 7 -0.0056351294
26 7 -0.0045070791
27 7 -0.0034395672
28 7 -0.0024202825
29 7 -0.0014347561
30 7 -0.0004672573
31 7 -0.0000000000
-31 8 0.0000000000
-30 8 0.0010854070
-29 8 0.0018584803
-28 8 0.0027068652
-27 8 0.0036511203
-26 8 0.0047078288
-25 8 0.0058884793
-24 8 0.0071983176
-23 8 0.0086352444
-22 8 0.0101888534
-21 8 0.0118397168
-20 8 0.0135590263
-19 8 0.0153086912
-18 8 0.0170419696
-17 8 0.0187046830
-16 8 0.0202370189
-15 8 0.0215758796
-14 8 0.0226576887
-13 8 0.0234215152
-12 8 0.0238123429
-11 8 0.0237842775
-10 8 0.0233034807
-9 8 0.0223506193
-8 8 0.0209226451
-7 8 0.0190337615
-6 8 0.0167154836
-5 8 0.0140157649
-4 8 0.0109972264
-3 8 0.0077345887
-2 8 0.0043114647
-1 8 0.0008167097
0 8 -0.0026594437
1 8 -0.0060292314
2 8 -0.0092109601
3 8 -0.0121321649
4 8 -0.0147321625
5 8 -0.0169638874
6 8 -0.0187949529
7 8 -0.0202079329
8 8 -0.0211999070
9 8 -0.0217813590
10 8 -0.0219745453
11 8 -0.0218114728
12 8 -0.0213316350
13 8 -0.0205796497
14 8 -0.0196029318
15 8 -0.0184495154
16 8 -0.0171661120
17 8 -0.0157964704
18 8 -0.0143800716
19 8 -0.0129511723
20 8 -0.0115381874
21 8 -0.0101633860
22 8 -0.0088428652
23 8 -0.0075867584
24 8 -0.0063996341
25 8 -0.0052810422
26 8 -0.0042261699
27 8 -0.0032265752
28 8 -0.0022709714
29 8 -0.0013460447
30 8 -0.0004372884
31 8 -0.0000000000
-31 9 0.0000000000
-30 9 0.0010014004
-29 9 0.0017135895
-28 9 0.0024948756
-27 9 0.0033639604
-26 9 0.0043359196
-25 9 0.0054211783
-24 9 0.0066244620
-23 9 0.0079437916
-22 9 0.0093696084
-21 9 0.0108841253
-20 9 0.0124610026
-19 9 0.0140654386
-18 9 0.0156547465
-17 9 0.0171794602
-16 9 0.0185849739
-15 9 0.0198136786
-14 9 0.0208075133
-13 9 0.0215108073
-12 9 0.0218732526
-11 9 0.0218528252
-10 9 0.0214184573
-9 9 0.0205522734
-8 9 0.0192512210
-7 9 0.0175279637
-6 9 0.0154109528
-5 9 0.0129436516
-4 9 0.0101829423
-3 9 0.0071968074
-2 9 0.0040614246
-1 9 0.0008578559
0 9 -0.0023314665
1 9 -0.0054262436
2 9 -0.0083515977
3 9 -0.0110409638
4 9 -0.0134384362
5 9 -0.0155004674
6 9 -0.0171968646
7 9 -0.0185110766
8 9 -0.0194398102
9 9 -0.0199920534
10 9 -0.0201876119
11 9 -0.0200552840
12 9 -0.0196308081
13 9 -0.0189547136
14 9 -0.0180701975
15 9 -0.0170211296
16 9 -0.0158502695
17 9 -0.0145977531
18 9 -0.0132998824
19 9 -0.0119882324
20 9 -0.0106890665
21 9 -0.0094230400
22 9 -0.0082051582
23 9 -0.0070449527
24 9 -0.0059468341
25 9 -0.0049105836
26 9 -0.0039319487
27 9 -0.0030033126
28 9 -0.0021144147
29 9 -0.0012531033
30 9 -0.0004061069
31 9 -0.0000000000
-31 10 0.0000000000
-30 10 0.0009153313
-29 10 0.0015654400
-28 10 0.0022784349
-27 10 0.0030711844
-26 10 0.0039572833
-25 10 0.0049461218
-24 10 0.0060419347
-23 10 0.0072428923
-22 10 0.0085403099
-21 10 0.0099180618
-20 10 0.0113522892
-19 10 0.0128114824
-18 10 0.0142570005
-17 10 0.0156440680
-16 10 0.0169232527
-15 10 0.0180423909
-14 10 0.0189488869
-13 10 0.0195922757
-12 10 0.0199269057
-11 10 0.0199145758
-10 10 0.0195269522
-9 10 0.0187475951
-8 10 0.0175734420
-7 10 0.0160156291
-6 10 0.0140995748
-5 10 0.0118642985
-4 10 0.0093610029
-3 10 0.0066509992
-2 10 0.0038030999
-1 10 0.0008906402
0 10 -0.0020116899
1 10 -0.0048310113
2 10 -0.0074992342
3 10 -0.0099556844
4 10 -0.0121492453
5 10 -0.0140399180
6 10 -0.0155997513
7 10 -0.0168131303
8 10 -0.0176764600
9 10 -0.0181973088
10 10 -0.0183931083
11 10 -0.0182895206
12 10 -0.0179185938
13 10 -0.0173168229
14 10 -0.0165232281
15 10 -0.0155775430
16 10 -0.0145185892
17 10 -0.0133828907
18 10 -0.0122035609
19 10 -0.0110094740
20 10 -0.0098247160
21 10 -0.0086682979
22 10 -0.0075541013
23 10 -0.0064910233
24 10 -0.0054832861
25 10 -0.0045308747
26 10 -0.0036300728
27 10 -0.0027740690
28 10 -0.0019536129
29 10 -0.0011577024
30 10 -0.0003742909
31 10 -0.0000000000
-31 11 0.0000000000
-30 11 0.0008290095
-29 11 0.0014171035
-28 11 0.0020619769
-27 11 0.0027787185
-26 11 0.0035794899
-25 11 0.0044726875
-24 11 0.0054620877
-23 11 0.0065460300
-22 11 0.0077167076
-21 11 0.0089596423
-20 11 0.0102534210
-19 11 0.0115697681
-18 11 0.0128740086
-17 11 0.0141259572
-16 11 0.0152812373
-15 11 0.0162930008
-14 11 0.0171139831
-13 11 0.0176987942
-12 11 0.0180063198
-11 11 0.0180020841
-10 11 0.0176604185
-9 11 0.0169662852
-8 11 0.0159166177
-7 11 0.0145210729
-6 11 0.0128021239
-5 11 0.0107944709
-4 11 0.0085437918
-3 11 0.0061049028
-2 11 0.0035394394
-1 11 0.0009131988
0 11 -0.0017066924
1 11 -0.0042546150
2 11 -0.0066691348
3 11 -0.0088953704
4 11 -0.0108869328
5 11 -0.0126073494
6 11 -0.0140309247
7 11 -0.0151430290
8 11 -0.0159398422
9 11 -0.0164276121
10 11 -0.0166215104
11 11 -0.0165441849
12 11 -0.0162241157
13 11 -0.0156938814
14 11 -0.0149884324
15 11 -0.0141434593
16 11 -0.0131939224
17 11 -0.0121727934
18 11 -0.0111100385
19 11 -0.0100318557
20 11 -0.0089601642
21 11 -0.0079123278
22 11 -0.0069010911
23 11 -0.0059346962
24 11 -0.0050171507
25 11 -0.0041486135
26 11 -0.0033258732
27 11 -0.0025428922
28 11 -0.0017913992
29 11 -0.0010615121
30 11 -0.0003423810
31 11 -0.0000000000
-31 12 0.0000000000
-30 12 0.0007440555
-29 12 0.0012713218
-28 12 0.0018494524
-27 12 0.0024918329
-26 12 0.0032092578
-25 12 0.0040091813
-24 12 0.0048949544
-23 12 0.0058650969
-22 12 0.0069126650
-21 12 0.0080247832
-20 12 0.0091824076
-19 12 0.0103603876
-18 12 0.0115278735
-17 12 0.0126491021
-16 12 0.0136845628
-15 12 0.0145925206
-14 12 0.0153308366
-13 12 0.0158589996
-12 12 0.0161402582
-11 12 0.0161437207
-10 12 0.0158462873
-9 12 0.0152342787
-8 12 0.0143046399
-7 12 0.0130656246
-6 12 0.0115368968
-5 12 0.0097490271
-4 12 0.0077424035
-3 12 0.0055656156
-2 12 0.0032734094
-1 12 0.0009243367
0 12 -0.0014217570
1 12 -0.0037062550
2 12 -0.0058741564
3 12 -0.0078761961
4 12 -0.0096705880
5 12 -0.0112243154
6 12 -0.0125139222
7 12 -0.0135257982
8 12 -0.0142559773
9 12 -0.0147095027
10 12 -0.0148994298
11 12 -0.0148455540
12 12 -0.0145729585
13 12 -0.0141104756
14 12 -0.0134891493
15 12 -0.0127407764
16 12 -0.0118965868
17 12 -0.0109861091
18 12 -0.0100362492
19 12 -0.0090705931
20 12 -0.0081089349
21 12 -0.0071670138
22 12 -0.0062564424
23 12 -0.0053847982
24 12 -0.0045558523
25 12 -0.0037699075
26 12 -0.0030242203
27 12 -0.0023134858
28 12 -0.0016303681
29 12 -0.0009660606
30 12 -0.0003108665
31 12 -0.0000000000
-31 13 0.0000000000
-30 13 0.0006618635
-29 13 0.0011304468
-28 13 0.0016442425
-27 13 0.0022150296
-26 13 0.0028523147
-25 13 0.0035626689
-24 13 0.0043490513
-23 13 0.0052101656
-22 13 0.0061398997
-21 13 0.0071269105
-20 13 0.0081544130
-19 13 0.0092002301
-18 13 0.0102371477
-17 13 0.0112336016
-16 13 0.0121546999
-15 13 0.0129635586
-14 13 0.0136229017
-13 13 0.0140968483
-12 13 0.0143527897
-11 13 0.0143632422
-10 13 0.0141075554
-9 13 0.0135733565
-8 13 0.0127576240
-7 13 0.0116673073
-6 13 0.0103194342
-5 13 0.0087406878
-4 13 0.0069664647
-3 13 0.0050394700
-2 13 0.0030079280
-1 13 0.0009235212
0 13 -0.0011608200
1 13 -0.0031931424
2 13 -0.0051245829
3 13 -0.0069112507
4 13 -0.0085157836
5 13 -0.0099085087
6 13 -0.0110681654
7 13 -0.0119821823
8 13 -0.0126465256
9 13 -0.0130651607
10 13 -0.0132491920
11 13 -0.0132157553
12 13 -0.0129867450
13 13 -0.0125874602
14 13 -0.0120452466
15 13 -0.0113882020
16 13 -0.0106440015
17 13 -0.0098388822
18 13 -0.0089968142
19 13 -0.0081388690
20 13 -0.0072827853
21 13 -0.0064427223
22 13 -0.0056291815
23 13 -0.0048490766
24 13 -0.0041059263
25 13 -0.0034001468
26 13 -0.0027294220
27 13 -0.0020891311
28 13 -0.0014728202
29 13 -0.0008727022
30 13 -0.0002801766
31 13 -0.0000000000
-31 14 0.0000000000
-30 14 0.0005835787
-29 14 0.0009964039
-28 14 0.0014491097
-27 14 0.0019519783
-26 14 0.0025133186
-25 14 0.0031388824
-24 14 0.0038312707
-23 14 0.0045893675
-22 14 0.0054078479
-21 14 0.0062768118
-20 14 0.0071815954
-19 14 0.0081028114
-18 14 0.0090166536
-17 14 0.0098954921
-16 14 0.0107087612
-15 14 0.0114241212
-14 14 0.0120088528
-13 14 0.0124314159
-12 14 0.0126630899
-11 14 0.0126795959
-10 14 0.0124625957
-9 14 0.0120009634
-8 14 0.0112917372
-7 14 0.0103406766
-6 14 0.0091623744
-5 14 0.0077799054
-4 14 0.0062240216
-3 14 0.0045319401
-2 14 0.0027457928
-1 14 0.0009108327
0 14 -0.0009264944
1 14 -0.0027204981
2 14 -0.0044280981
3 14 -0.0060104844
4 14 -0.0074344957
5 14 -0.0086736560
6 14 -0.0097088311
7 14 -0.0105284944
8 14 -0.0111286175
9 14 -0.0115122207
10 14 -0.0116886370
11 14 -0.0116725564
12 14 -0.0114829199
13 14 -0.0111417383
14 14 -0.0106729009
15 14 -0.0101010369
16 14 -0.0094504769
17 14 -0.0087443513
18 14 -0.0080038500
19 14 -0.0072476541
20 14 -0.0064915404
21 14 -0.0057481507
22 14 -0.0050269107
23 14 -0.0043340806
24 14 -0.0036729157
25 14 -0.0030439171
26 14 -0.0024451526
27 14 -0.0018726326
28 14 -0.0013207243
29 14 -0.0007825949
30 14 -0.0002506735
31 14 -0.0000000000
-31 15 0.0000000000
-30 15 0.0005100897
-29 15 0.0008706804
-28 15 0.0012661815
-27 15 0.0017054978
-26 15 0.0021958367
-25 15 0.0027421982
-24 15 0.0033468571
-23 15 0.0040088697
-22 15 0.0047236440
-21 15 0.0054826180
-20 15 0.0062730934
-19 15 0.0070782652
-18 15 0.0078774805
-17 15 0.0086467496
-16 15 0.0093595095
-15 15 0.0099876265
-14 15 0.0105026009
-13 15 0.0108769159
-12 15 0.0110854602
-11 15 0.0111069371
-10 15 0.0109251697
-9 15 0.0105302138
-8 15 0.0099191951
-7 15 0.0090968075
-6 15 0.0080754273
-5 15 0.0068748257
-4 15 0.0055214884
-3 15 0.0040475793
-2 15 0.0024896081
-1 15 0.0008868832
0 15 -0.0007201586
1 15 -0.0022916432
2 15 -0.0037898766
3 15 -0.0051807963
4 15 -0.0064351853
5 15 -0.0075295902
6 15 -0.0084469129
7 15 -0.0091766635
8 15 -0.0097148867
9 15 -0.0100637899
10 15 -0.0102311216
11 15 -0.0102293523
12 15 -0.0100747231
13 15 -0.0097862216
14 15 -0.0093845469
15 15 -0.0088911150
16 15 -0.0083271475
17 15 -0.0077128777
18 15 -0.0070668940
19 15 -0.0064056325
20 15 -0.0057430191
21 15 -0.0050902564
22 15 -0.0044557414
23 15 -0.0038450995
24 15 -0.0032613165
25 15 -0.0027049515
26 15 -0.0021744136
27 15 -0.0016662871
28 15 -0.0011756948
29 15 -0.0006966871
30 15 -0.0002226494
31 15 -0.0000000000
-31 16 0.0000000000
-30 16 0.0004420326
-29 16 0.0007543338
-28 16 0.0010969642
-27 16 0.0014775756
-26 16 0.0019023731
-25 16 0.0023756732
-24 16 0.0028994559
-23 16 0.0034729375
-22 16 0.0040921971
-21 16 0.0047498977
-20 16 0.0054351378
-19 16 0.0061334727
-18 16 0.0068271323
-17 16 0.0074954546
-16 16 0.0081155373
-15 16 0.0086630955
-14 16 0.0091134936
-13 16 0.0094429041
-12 16 0.0096295309
-11 16 0.0096548244
-10 16 0.0095046106
-9 16 0.0091700564
-8 16 0.0086484027
-7 16 0.0079434061
-6 16 0.0070654536
-5 16 0.0060313311
-4 16 0.0048636536
-3 16 0.0035899875
-2 16 0.0022417154
-1 16 0.0008527115
0 16 -0.0005420920
1 16 -0.0019081634
2 16 -0.0032127697
3 16 -0.0044262375
4 16 -0.0055230128
5 16 -0.0064824700
6 16 -0.0072894401
7 16 -0.0079344492
8 16 -0.0084136737
9 16 -0.0087286379
10 16 -0.0088856926
11 16 -0.0088953208
12 16 -0.0087713246
13 16 -0.0085299459
14 16 -0.0081889732
15 16 -0.0077668799
16 16 -0.0072820309
17 16 -0.0067519883
18 16 -0.0061929338
19 16 -0.0056192182
20 16 -0.0050430417
21 16 -0.0044742571
22 16 -0.0039202887
23 16 -0.0033861531
24 16 -0.0028745657
25 16 -0.0023861197
26 16 -0.0019195219
27 16 -0.0014718735
28 16 -0.0010389848
29 16 -0.0006157143
30 16 -0.0001963257
31 16 -0.0000000000
-31 17 0.0000000000
-30 17 0.0003798052
-29 17 0.0006480174
-28 17 0.0009423808
-27 17 0.0012694197
-26 17 0.0016344364
-25 17 0.0020411319
-24 17 0.0024912208
-23 17 0.0029840641
-22 17 0.0035163475
-21 17 0.0040818396
-20 17 0.0046712619
-19 17 0.0052723019
-18 17 0.0058697938
-17 17 0.0064460840
-16 17 0.0069815812
-15 17 0.0074554845
-14 17 0.0078466602
-13 17 0.0081346286
-12 17 0.0083006089
-11 17 0.0083285587
-10 17 0.0082061429
-9 17 0.0079255667
-8 17 0.0074842111
-7 17 0.0068850236
-6 17 0.0061366302
-5 17 0.0052531521
-4 17 0.0042537341
-3 17 0.0031618075
-2 17 0.0020041308
-1 17 0.0008096656
0 17 -0.0003916454
1 17 -0.0015701252
2 17 -0.0026975629
3 17 -0.0037483009
4 17 -0.0047001531
5 17 -0.0055351125
6 17 -0.0062398196
7 17 -0.0068057842
8 17 -0.0072293645
9 17 -0.0075115237
10 17 -0.0076573980
11 17 -0.0076757122
12 17 -0.0075780916
13 17 -0.0073783122
14 17 -0.0070915370
15 17 -0.0067335739
16 17 -0.0063201913
17 17 -0.0058665148
18 17 -0.0053865230
19 17 -0.0048926515
20 17 -0.0043955075
21 17 -0.0039036917
22 17 -0.0034237191
23 17 -0.0029600288
24 17 -0.0025150691
25 17 -0.0020894463
26 17 -0.0016821239
27 17 -0.0012906628
28 17 -0.0009114920
29 17 -0.0005402021
30 17 -0.0001718552
31 17 -0.0000000000
-31 18 0.0000000000
-30 18 0.0003235891
-29 18 0.0005520185
-28 18 0.0008028267
-27 18 0.0010815339
-26 18 0.0013926373
-25 18 0.0017392882
-24 18 0.0021229634
-23 18 0.0025431516
-22 18 0.0029970790
-21 18 0.0034795002
-20 18 0.0039825852
-19 18 0.0044959256
-18 18 0.0050066835
-17 18 0.0054998954
-16 18 0.0059589338
-15 18 0.0063661193
-14 18 0.0067034600
-13 18 0.0069534853
-12 18 0.0071001312
-11 18 0.0071296229
-10 18 0.0070313003
-9 18 0.0067983313
-8 18 0.0064282593
-7 18 0.0059233463
-6 18 0.0052906797
-5 18 0.0045420313
-4 18 0.0036934695
-3 18 0.0027647467
-2 18 0.0017784953
-1 18 0.0007592814
0 18 -0.0002674283
1 18 -0.0012763245
2 18 -0.0022432778
3 18 -0.0031462689
4 18 -0.0039661789
5 18 -0.0046874028
6 18 -0.0052982624
7 18 -0.0057912096
8 18 -0.0061628242
9 18 -0.0064136216
10 18 -0.0065476969
11 18 -0.0065722392
12 18 -0.0064969526
13 18 -0.0063334232
14 18 -0.0060944700
15 18 -0.0057935122
16 18 -0.0054439821
17 18 -0.0050588058
18 18 -0.0046499657
19 18 -0.0042281552
20 18 -0.0038025266
21 18 -0.0033805304
22 18 -0.0029678402
23 18 -0.0025683534
24 18 -0.0021842583
25 18 -0.0018161563
26 18 -0.0014632290
27 18 -0.0011234420
28 18 -0.0007937753
29 18 -0.0004704762
30 18 -0.0001493259
31 18 -0.0000000000
-31 19 0.0000000000
-30 19 0.0002733767
-29 19 0.0004663046
-28 19 0.0006782372
-27 19 0.0009138089
-26 19 0.0011768056
-25 19 0.0014698912
-24 19 0.0017943303
-23 19 0.0021497224
-22 19 0.0025337680
-21 19 0.0029420912
-20 19 0.0033681402
-19 19 0.0038031891
-18 19 0.0042364588
-17 19 0.0046553674
-16 19 0.0050459141
-15 19 0.0053931897
-14 19 0.0056819944
-13 19 0.0058975380
-12 19 0.0060261824
-11 19 0.0060561867
-10 19 0.0059784050
-9 19 0.0057868916
-8 19 0.0054793709
-7 19 0.0050575351
-6 19 0.0045271456
-5 19 0.0038979258
-4 19 0.0031832465
-3 19 0.0023996211
-2 19 0.0015660373
-1 19 0.0007031670
0 19 -0.0001675002
1 19 -0.0010245473
2 19 -0.0018474946
3 19 -0.0026175894
4 19 -0.0033184808
5 19 -0.0039367478
6 19 -0.0044622603
7 19 -0.0048883634
8 19 -0.0052118892
9 19 -0.0054330066
10 19 -0.0055549322
11 19 -0.0055835292
12 19 -0.0055268249
13 19 -0.0053944807
14 19 -0.0051972444
15 19 -0.0049464153
16 19 -0.0046533447
17 19 -0.0043289916
18 19 -0.0039835473
19 19 -0.0036261353
20 19 -0.0032645913
21 19 -0.0029053195
22 19 -0.0025532219
23 19 -0.0022116931
24 19 -0.0018826714
25 19 -0.0015667387
26 19 -0.0012632594
27 19 -0.0009705510
28 19 -0.0006860802
29 19 -0.0004066775
30 19 -0.0001287660
31 19 -0.0000000000
-31 20 0.0000000000
-30 20 0.0002290014
-29 20 0.0003905745
-28 20 0.0005681610
-27 20 0.0007656206
-26 20 0.0009861154
-25 20 0.0012318812
-24 20 0.0015039937
-23 20 0.0018021454
-22 20 0.0021244487
-21 20 0.0024672852
-20 20 0.0028252196
-19 20 0.0031909976
-18 20 0.0035556432
-17 20 0.0039086631
-16 20 0.0042383633
-15 20 0.0045322705
-14 20 0.0047776455
-13 20 0.0049620645
-12 20 0.0050740390
-11 20 0.0051036381
-10 20 0.0050430745
-9 20 0.0048872145
-8 20 0.0046339772
-7 20 0.0042845914
-6 20 0.0038436901
-5 20 0.0033192309
-4 20 0.0027222435
-3 20 0.0020664173
-2 20 0.0013675508
-1 20 0.0006428976
0 20 -0.0000895545
1 20 -0.0008118270
2 20 -0.0015066758
3 20 -0.0021582563
4 20 -0.0027526951
5 20 -0.0032785411
6 20 -0.0037270777
7 20 -0.0040924894
8 20 -0.0043718816
9 20 -0.0045651668
10 20 -0.0046748312
11 20 -0.0047056068
12 20 -0.0046640729
13 20 -0.0045582157
14 20 -0.0043969705
15 20 -0.0041897729
16 20 -0.0039461367
17 20 -0.0036752781
18 20 -0.0033857946
19 20 -0.0030854080
20 20 -0.0027807726
21 20 -0.0024773489
22 20 -0.0021793377
23 20 -0.0018896708
24 20 -0.0016100492
25 20 -0.0013410237
26 20 -0.0010821092
27 20 -0.0008319269
28 20 -0.0005883689
29 20 -0.0003487797
30 20 -0.0001101505
31 20 -0.0000000000
-31 21 0.0000000000
-30 21 0.0001901673
-29 21 0.0003243098
-28 21 0.0004718343
-27 21 0.0006359285
-26 21 0.0008192124
-25 21 0.0010235470
-24 21 0.0012498405
-23 21 0.0014978619
-22 21 0.0017660767
-21 21 0.0020515195
-20 21 0.0023497204
-19 21 0.0026547008
-18 21 0.0029590495
-17 21 0.0032540891
-16 21 0.0035301341
-15 21 0.0037768366
-14 21 0.0039836078
-13 21 0.0041400982
-12 21 0.0042367095
-11 21 0.0042651109
-10 21 0.0042187267
-9 21 0.0040931625
-8 21 0.0038865419
-7 21 0.0035997258
-6 21 0.0032363993
-5 21 0.0028030136
-4 21 0.0023085865
-3 21 0.0017643673
-2 21 0.0011833886
-1 21 0.0005799283
0 21 -0.0000310838
1 21 -0.0006346829
2 21 -0.0012164709
3 21 -0.0017631728
4 21 -0.0022631164
5 21 -0.0027066142
6 21 -0.0030862320
7 21 -0.0033969355
8 21 -0.0036361173
9 21 -0.0038035108
10 21 -0.0039010047
11 21 -0.0039323770
12 21 -0.0039029692
13 21 -0.0038193230
14 21 -0.0036888017
15 21 -0.0035192157
16 21 -0.0033184707
17 21 -0.0030942504
18 21 -0.0028537461
19 21 -0.0026034372
20 21 -0.0023489264
21 21 -0.0020948294
22 21 -0.0018447149
23 21 -0.0016010920
24 21 -0.0013654387
25 21 -0.0011382660
26 21 -0.0009192106
27 21 -0.0007071532
28 21 -0.0005003550
29 21 -0.0002966098
30 21 -0.0000934078
31 21 -0.0000000000
-31 22 0.0000000000
-30 22 0.0001564782
-29 22 0.0002668232
-28 22 0.0003882508
-27 22 0.0005233703
-26 22 0.0006743326
-25 22 0.0008426732
-24 22 0.0010291517
-23 22 0.0012335982
-22 22 0.0014547771
-21 22 0.0016902807
-20 22 0.0019364670
-19 22 0.0021884532
-18 22 0.0024401760
-17 22 0.0026845249
-16 22 0.0029135504
-15 22 0.0031187453
-14 22 0.0032913885
-13 22 0.0034229362
-12 22 0.0035054426
-11 22 0.0035319831
-10 22 0.0034970571
-9 22 0.0033969405
-8 22 0.0032299670
-7 22 0.0029967137
-6 22 0.0027000792
-5 22 0.0023452429
-4 22 0.0019395079
-3 22 0.0014920330
-2 22 0.0010134699
-1 22 0.0005155257
0 22 0.0000104780
1 22 -0.0004893310
2 22 -0.0009719906
3 22 -0.0014264813
4 22 -0.0018430747
5 22 -0.0022136533
6 22 -0.0025319384
7 22 -0.0027936190
8 22 -0.0029963811
9 22 -0.0031398449
10 22 -0.0032254184
11 22 -0.0032560842
12 22 -0.0032361352
13 22 -0.0031708784
14 22 -0.0030663238
15 22 -0.0029288763
16 22 -0.0027650430
17 22 -0.0025811705
18 22 -0.0023832172
19 22 -0.0021765690
20 22 -0.0019658987
21 22 -0.0017550703
22 22 -0.0015470862
23 22 -0.0013440724
24 22 -0.0011472988
25 22 -0.0009572301
26 22 -0.0007736004
27 22 -0.0005955099
28 22 -0.0004215376
29 22 -0.0002498677
30 22 -0.0000784260
31 22 -0.0000000000
-31 23 0.0000000000
-30 23 0.0001274637
-29 23 0.0002173024
-28 23 0.0003162249
-27 23 0.0004263450
-26 23 0.0005494100
-25 23 0.0006866731
-24 23 0.0008387623
-23 23 0.0010055551
-22 23 0.0011860661
-21 23 0.0013783600
-20 23 0.0015794991
-19 23 0.0017855362
-18 23 0.0019915614
-17 23 0.0021918074
-16 23 0.0023798172
-15 23 0.0025486693
-14 23 0.0026912552
-13 23 0.0028005965
-12 23 0.0028701847
-11 23 0.0028943265
-10 23 0.0028684714
-9 23 0.0027895017
-8 23 0.0026559633
-7 23 0.0024682221
-6 23 0.0022285318
-5 23 0.0019410073
-4 23 0.0016115018
-3 23 0.0012473947
-2 23 0.0008573013
-1 23 0.0004507206
0 23 0.0000376431
1 23 -0.0003718598
2 23 -0.0007680396
3 23 -0.0011418480
4 23 -0.0014852649
5 23 -0.0017915642
6 23 -0.0020555044
7 23 -0.0022734403
8 23 -0.0024433526
9 23 -0.0025648028
10 23 -0.0026388193
11 23 -0.0026677285
12 23 -0.0026549424
13 23 -0.0026047201
14 23 -0.0025219144
15 23 -0.0024117211
16 23 -0.0022794393
17 23 -0.0021302542
18 23 -0.0019690495
19 23 -0.0018002531
20 23 -0.0016277193
21 23 -0.0014546473
22 23 -0.0012835339
23 23 -0.0011161593
24 23 -0.0009536011
25 23 -0.0007962729
26 23 -0.0006439851
27 23 -0.0004960223
28 23 -0.0003512358
29 23 -0.0002081470
30 23 -0.0000650603
31 23 -0.0000000000
-31 24 0.0000000000
-30 24 0.0001026009
-29 24 0.0001748473
-28 24 0.0002544450
-27 24 0.0003430844
-26 24 0.0004421666
-25 24 0.0005527003
-24 24 0.0006751970
-23 24 0.0008095688
-22 24 0.0009550384
-21 24 0.0011100682
-20 24 0.0012723165
-19 24 0.0014386312
-18 24 0.0016050848
-17 24 0.0017670578
-16 24 0.0019193712
-15 24 0.0020564650
-14 24 0.0021726198
-13 24 0.0022622094
-12 24 0.0023199735
-11 24 0.0023412944
-10 24 0.0023224608
-9 24 0.0022609020
-8 24 0.0021553762
-7 24 0.0020060991
-6 24 0.0018148019
-5 24 0.0015847141
-4 24 0.0013204700
-3 24 0.0010279415
-2 24 0.0007140093
-1 24 0.0003862827
0 24 0.0000527866
1 24 -0.0002783671
2 24 -0.0005993051
3 24 -0.0009026965
4 24 -0.0011820196
5 24 -0.0014317786
6 24 -0.0016476617
7 24 -0.0018266345
8 24 -0.0019669696
9 24 -0.0020682143
10 24 -0.0021311036
11 24 -0.0021574273
12 24 -0.0021498627
13 24 -0.0021117834
14 24 -0.0020470578
15 24 -0.0019598457
16 24 -0.0018544058
17 24 -0.0017349186
18 24 -0.0016053331
19 24 -0.0014692409
20 24 -0.0013297777
21 24 -0.0011895553
22 24 -0.0010506211
23 24 -0.0009144438
24 24 -0.0007819232
25 24 -0.0006534196
26 24 -0.0005288012
27 24 -0.0004075070
28 24 -0.0002886203
29 24 -0.0001709532
30 24 -0.0000531383
31 24 -0.0000000000
-31 25 0.0000000000
-30 25 0.0000813321
-29 25 0.0001384993
-28 25 0.0002015155
-27 25 0.0002717094
-26 25 0.0003501847
-25 25 0.0004377384
-24 25 0.0005347777
-23 25 0.0006412392
-22 25 0.0007565177
-21 25 0.0008794089
-20 25 0.0010080752
-19 25 0.0011400387
-18 25 0.0012722086
-17 25 0.0014009453
-16 25 0.0015221637
-15 25 0.0016314730
-14 25 0.0017243502
-13 25 0.0017963384
-12 25 0.0018432617
-11 25 0.0018614430
-10 25 0.0018479131
-9 25 0.0018005963
-8 25 0.0017184607
-7 25 0.0016016217
-6 25 0.0014513909
-5 25 0.0012702652
-4 25 0.0010618558
-3 25 0.0008307598
-2 25 0.0005823816
-1 25 0.0003227144
0 25 0.0000580945
1 25 -0.0002050582
2 25 -0.0004604962
3 25 -0.0007023864
4 25 -0.0009255221
5 25 -0.0011254968
6 25 -0.0012988321
7 25 -0.0014430548
8 25 -0.0015567239
9 25 -0.0016394082
10 25 -0.0016916205
11 25 -0.0017147157
12 25 -0.0017107600
13 25 -0.0016823817
14 25 -0.0016326117
15 25 -0.0015647237
16 25 -0.0014820806
17 25 -0.0013879935
18 25 -0.0012855992
19 25 -0.0011777581
20 25 -0.0010669749
21 25 -0.0009553424
22 25 -0.0008445077
23 25 -0.0007356590
24 25 -0.0006295318
25 25 -0.0005264313
26 25 -0.0004262691
27 25 -0.0003286122
28 25 -0.0002327419
29 25 -0.0001377206
30 25 -0.0000424652
31 25 -0.0000000000
-31 26 0.0000000000
-30 26 0.0000630775
-29 26 0.0001072627
-28 26 0.0001559878
-27 26 0.0002102713
-26 26 0.0002709598
-25 26 0.0003386660
-24 26 0.0004137034
-23 26 0.0004960250
-22 26 0.0005851675
-21 26 0.0006802074
-20 26 0.0007797342
-19 26 0.0008818443
-18 26 0.0009841619
-17 26 0.0010838876
-16 26 0.0011778770
-15 26 0.0012627477
-14 26 0.0013350119
-13 26 0.0013912289
-12 26 0.0014281693
-11 26 0.0014429832
-10 26 0.0014333608
-9 26 0.0013976761
-8 26 0.0013351035
-7 26 0.0012456983
-6 26 0.0011304366
-5 26 0.0009912081
-4 26 0.0008307638
-3 26 0.0006526189
-2 26 0.0004609173
-1 26 0.0002602642
0 26 0.0000555386
1 26 -0.0001483060
2 26 -0.0003464392
3 26 -0.0005343400
4 26 -0.0007079616
5 26 -0.0008638667
6 26 -0.0009993278
7 26 -0.0011123892
8 26 -0.0012018894
9 26 -0.0012674466
10 26 -0.0013094100
11 26 -0.0013287831
12 26 -0.0013271238
13 26 -0.0013064311
14 26 -0.0012690222
15 26 -0.0012174097
16 26 -0.0011541824
17 26 -0.0010818961
18 26 -0.0010029781
19 26 -0.0009196471
20 26 -0.0008338510
21 26 -0.0007472216
22 26 -0.0006610476
23 26 -0.0005762634
24 26 -0.0004934522
25 26 -0.0004128631
26 26 -0.0003344388
27 26 -0.0002578531
28 26 -0.0001825561
29 26 -0.0001078267
30 26 -0.0000328291
31 26 -0.0000000000
-31 27 0.0000000000
-30 27 0.0000472434
-29 27 0.0000801183
-28 27 0.0001163801
-27 27 0.0001567780
-26 27 0.0002019347
-25 27 0.0002523000
-24 27 0.0003081032
-23 27 0.0003693071
-22 27 0.0004355671
-21 27 0.0005061985
-20 27 0.0005801565
-19 27 0.0006560324
-18 27 0.0007320681
-17 27 0.0008061923
-16 27 0.0008760781
-15 27 0.0009392224
-14 27 0.0009930428
-13 27 0.0010349904
-12 27 0.0010626713
-11 27 0.0010739699
-10 27 0.0010671684
-9 27 0.0010410524
-8 27 0.0009949979
-7 27 0.0009290312
-6 27 0.0008438588
-5 27 0.0007408632
-4 27 0.0006220652
-3 27 0.0004900527
-2 27 0.0003478818
-1 27 0.0001989541
0 27 0.0000468778
1 27 -0.0001046781
2 27 -0.0002521306
3 27 -0.0003921204
4 27 -0.0005216343
5 27 -0.0006381058
6 27 -0.0007394907
7 27 -0.0008243136
8 27 -0.0008916862
9 27 -0.0009412978
10 27 -0.0009733800
11 27 -0.0009886514
12 27 -0.0009882448
13 27 -0.0009736231
14 27 -0.0009464899
15 27 -0.0009086975
16 27 -0.0008621593
17 27 -0.0008087684
18 27 -0.0007503262
19 27 -0.0006884825
20 27 -0.0006246883
21 27 -0.0005601622
22 27 -0.0004958688
23 27 -0.0004325100
24 27 -0.0003705271
25 27 -0.0003101124
26 27 -0.0002512295
27 27 -0.0001936415
28 27 -0.0001369440
29 27 -0.0000806044
30 27 -0.0000240043
31 27 -0.0000000000
-31 28 0.0000000000
-30 28 0.0000332260
-29 28 0.0000560302
-28 28 0.0000811873
-27 28 0.0001092085
-26 28 0.0001405177
-25 28 0.0001754193
-24 28 0.0002140655
-23 28 0.0002564251
-22 28 0.0003022549
-21 28 0.0003510780
-20 28 0.0004021701
-19 28 0.0004545571
-18 28 0.0005070253
-17 28 0.0005581467
-16 28 0.0006063187
-15 28 0.0006498185
-14 28 0.0006868701
-13 28 0.0007157214
-12 28 0.0007347278
-11 28 0.0007424366
-10 28 0.0007376685
-9 28 0.0007195907
-8 28 0.0006877756
-7 28 0.0006422425
-6 28 0.0005834774
-5 28 0.0005124308
-4 28 0.0004304910
-3 28 0.0003394365
-2 28 0.0002413673
-1 28 0.0001386214
0 28 0.0000336796
1 28 -0.0000709345
2 28 -0.0001727552
3 28 -0.0002694690
4 28 -0.0003589988
5 28 -0.0004395732
6 28 -0.0005097786
7 28 -0.0005685913
8 28 -0.0006153909
9 28 -0.0006499535
10 28 -0.0006724287
11 28 -0.0006833013
12 28 -0.0006833421
13 28 -0.0006735504
14 28 -0.0006550921
15 28 -0.0006292376
16 28 -0.0005973006
17 28 -0.0005605826
18 28 -0.0005203234
19 28 -0.0004776596
20 28 -0.0004335921
21 28 -0.0003889621
22 28 -0.0003444366
23 28 -0.0003005018
24 28 -0.0002574641
25 28 -0.0002154581
26 28 -0.0001744608
27 28 -0.0001343103
28 28 -0.0000947296
29 28 -0.0000553526
30 28 -0.0000157546
31 28 -0.0000000000
-31 29 0.0000000000
-30 29 0.0000204125
-29 29 0.0000339469
-28 29 0.0000488829
-27 29 0.0000655156
-26 29 0.0000840879
-25 29 0.0001047717
-24 29 0.0001276482
-23 29 0.0001526905
-22 29 0.0001797463
-21 29 0.0002085265
-20 29 0.0002385967
-19 29 0.0002693770
-18 29 0.0003001484
-17 29 0.0003300677
-16 29 0.0003581919
-15 29 0.0003835101
-14 29 0.0004049830
-13 29 0.0004215884
-12 29 0.0004323697
-11 29 0.0004364856
-10 29 0.0004332568
-9 29 0.0004222088
-8 29 0.0004031053
-7 29 0.0003759719
-6 29 0.0003411070
-5 29 0.0002990799
-4 29 0.0002507146
-3 29 0.0001970611
-2 29 0.0001393552
-1 29 0.0000789696
0 29 0.0000173577
1 29 -0.0000440046
2 29 -0.0001036770
3 29 -0.0001603104
4 29 -0.0002126955
5 29 -0.0002598023
6 29 -0.0003008110
7 29 -0.0003351296
8 29 -0.0003624019
9 29 -0.0003825029
10 29 -0.0003955252
11 29 -0.0004017566
12 29 -0.0004016509
13 29 -0.0003957949
14 29 -0.0003848715
15 29 -0.0003696239
16 29 -0.0003508201
17 29 -0.0003292201
18 29 -0.0003055472
19 29 -0.0002804640
20 29 -0.0002545534
21 29 -0.0002283048
22 29 -0.0002021052
23 29 -0.0001762359
24 29 -0.0001508732
25 29 -0.0001260930
26 29 -0.0001018789
27 29 -0.0000781341
28 29 -0.0000546944
29 29 -0.0000313447
30 29 -0.0000078362
31 29 -0.0000000000
-31 30 0.0000000000
-30 30 0.0000081786
-29 30 0.0000127983
-28 30 0.0000179150
-27 30 0.0000236213
-26 30 0.0000299904
-25 30 0.0000370699
-24 30 0.0000448755
-23 30 0.0000533852
-22 30 0.0000625344
-21 30 0.0000722118
-20 30 0.0000822582
-19 30 0.0000924664
-18 30 0.0001025847
-17 30 0.0001123227
-16 30 0.0001213602
-15 30 0.0001293584
-14 30 0.0001359740
-13 30 0.0001408744
-12 30 0.0001437539
-11 30 0.0001443503
-10 30 0.0001424596
-9 30 0.0001379492
-8 30 0.0001307684
-7 30 0.0001209546
-6 30 0.0001086354
-5 30 0.0000940270
-4 30 0.0000774269
-3 30 0.0000592035
-2 30 0.0000397816
-1 30 0.0000196256
0 30 -0.0000007796
1 30 -0.0000209479
2 30 -0.0000404110
3 30 -0.0000587361
4 30 -0.0000755411
5 30 -0.0000905067
6 30 -0.0001033854
7 30 -0.0001140062
8 30 -0.0001222759
9 30 -0.0001281766
10 30 -0.0001317602
11 30 -0.0001331403
12 30 -0.0001324820
13 30 -0.0001299905
14 30 -0.0001258991
15 30 -0.0001204572
16 30 -0.0001139187
17 30 -0.0001065321
18 30 -0.0000985306
19 30 -0.0000901255
20 30 -0.0000815000
21 30 -0.0000728053
22 30 -0.0000641582
23 30 -0.0000556407
24 30 -0.0000473000
25 30 -0.0000391511
26 30 -0.0000311797
27 30 -0.0000233461
28 30 -0.0000155901
29 30 -0.0000078362
30 30 -0.0000000000
31 30 -0.0000000000
-31 31 0.0000000000
-30 31 0.0000000000
-29 31 0.0000000000
-28 31 0.0000000000
-27 31 0.0000000000
-26 31 0.0000000000
-25 31 0.0000000000
-24 31 0.0000000000
-23 31 0.0000000000
-22 31 0.0000000000
-21 31 0.0000000000
-20 31 0.0000000000
-19 31 0.0000000000
-18 31 0.0000000000
-17 31 0.0000000000
-16 31 0.0000000000
-15 31 0.0000000000
-14 31 0.0000000000
-13 31 0.0000000000
-12 31 0.0000000000
-11 31 0.0000000000
-10 31 0.0000000000
-9 31 0.0000000000
-8 31 0.0000000000
-7 31 0.0000000000
-6 31 0.0000000000
-5 31 0.0000000000
-4 31 0.0000000000
-3 31 0.0000000000
-2 31 0.0000000000
-1 31 0.0000000000
0 31 0.0000000000
1 31 -0.0000000000
2 31 -0.0000000000
3 31 -0.0000000000
4 31 -0.0000000000
5 31 -0.0000000000
6 31 -0.0000000000
7 31 -0.0000000000
8 31 -0.0000000000
9 31 -0.0000000000
10 31 -0.0000000000
11 31 -0.0000000000
12 31 -0.0000000000
13 31 -0.0000000000
14 31 -0.0000000000
15 31 -0.0000000000
16 31 -0.0000000000
17 31 -0.0000000000
18 31 -0.0000000000
19 31 -0.0000000000
20 31 -0.0000000000
21 31 -0.0000000000
22 31 -0.0000000000
23 31 -0.0000000000
24 31 -0.0000000000
25 31 -0.0000000000
26 31 -0.0000000000
27 31 -0.0000000000
28 31 -0.0000000000
29 31 -0.0000000000
30 31 -0.0000000000
31 31 -0.0000000000
