-31 -31 0.0000000000
-30 -31 0.0000000000
-29 -31 0.0000000000
-28 -31 0.0000000000
-27 -31 0.0000000000
-26 -31 0.0000000000
-25 -31 0.0000000000
-24 -31 0.0000000000
-23 -31 0.0000000000
-22 -31 0.0000000000
-21 -31 0.0000000000
-20 -31 0.0000000000
-19 -31 0.0000000000
-18 -31 0.0000000000
-17 -31 0.0000000000
-16 -31 0.0000000000
-15 -31 0.0000000000
-14 -31 0.0000000000
-13 -31 0.0000000000
-12 -31 0.0000000000
-11 -31 0.0000000000
-10 -31 0.0000000000
-9 -31 0.0000000000
-8 -31 0.0000000000
-7 -31 0.0000000000
-6 -31 0.0000000000
-5 -31 0.0000000000
-4 -31 0.0000000000
-3 -31 0.0000000000
-2 -31 0.0000000000
-1 -31 0.0000000000
0 -31 0.0000000000
1 -31 0.0000000000
2 -31 0.0000000000
3 -31 0.0000000000
4 -31 0.0000000000
5 -31 0.0000000000
6 -31 0.0000000000
7 -31 0.0000000000
8 -31 0.0000000000
9 -31 0.0000000000
10 -31 0.0000000000
11 -31 0.0000000000
12 -31 0.0000000000
13 -31 0.0000000000
14 -31 0.0000000000
15 -31 0.0000000000
16 -31 0.0000000000
17 -31 0.0000000000
18 -31 0.0000000000
19 -31 0.0000000000
20 -31 0.0000000000
21 -31 0.0000000000
22 -31 0.0000000000
23 -31 0.0000000000
24 -31 0.0000000000
25 -31 0.0000000000
26 -31 0.0000000000
27 -31 0.0000000000
28 -31 0.0000000000
29 -31 0.0000000000
30 -31 0.0000000000
31 -31 0.0000000000
-31 -30 0.0000000000
-30 -30 0.0000030553
-29 -30 0.0000058272
-28 -30 0.0000092075
-27 -30 0.0000134027
-26 -30 0.0000186294
-25 -30 0.0000251070
-24 -30 0.0000330462
-23 -30 0.0000426345
-22 -30 0.0000540183
-21 -30 0.0000672827
-20 -30 0.0000824303
-19 -30 0.0000993613
-18 -30 0.0001178553
-17 -30 0.0001375599
-16 -30 0.0001579854
-15 -30 0.0001785090
-14 -30 0.0001983902
-13 -30 0.0002167966
-12 -30 0.0002328401
-11 -30 0.0002456220
-10 -30 0.0002542850
-9 -30 0.0002580665
-8 -30 0.0002563520
-7 -30 0.0002487217
-6 -30 0.0002349881
-5 -30 0.0002152203
-4 -30 0.0001897526
-3 -30 0.0001591764
-2 -30 0.0001243156
-1 -30 0.0000861871
0 -30 0.0000459487
1 -30 0.0000048395
2 -30 -0.0000358842
3 -30 -0.0000750121
4 -30 -0.0001114381
5 -30 -0.0001442097
6 -30 -0.0001725658
7 -30 -0.0001959606
8 -30 -0.0002140746
9 -30 -0.0002268107
10 -30 -0.0002342793
11 -30 -0.0002367726
12 -30 -0.0002347325
13 -30 -0.0002287132
14 -30 -0.0002193431
15 -30 -0.0002072869
16 -30 -0.0001932113
17 -30 -0.0001777549
18 -30 -0.0001615042
19 -30 -0.0001449747
20 -30 -0.0001285990
21 -30 -0.0001127199
22 -30 -0.0000975881
23 -30 -0.0000833641
24 -30 -0.0000701226
25 -30 -0.0000578593
26 -30 -0.0000464988
27 -30 -0.0000359033
28 -30 -0.0000258810
29 -30 -0.0000161964
30 -30 -0.0000065787
31 -30 0.0000000000
-31 -29 0.0000000000
-30 -29 0.0000059445
-29 -29 0.0000111198
-28 -29 0.0000174147
-27 -29 0.0000252003
-26 -29 0.0000348631
-25 -29 0.0000467902
-24 -29 0.0000613485
-23 -29 0.0000788584
-22 -29 0.0000995617
-21 -29 0.0001235856
-20 -29 0.0001509063
-19 -29 0.0001813141
-18 -29 0.0002143839
-17 -29 0.0002494563
-16 -29 0.0002856313
-15 -29 0.0003217790
-14 -29 0.0003565691
-13 -29 0.0003885190
-12 -29 0.0004160602
-11 -29 0.0004376193
-10 -29 0.0004517089
-9 -29 0.0004570225
-8 -29 0.0004525255
-7 -29 0.0004375355
-6 -29 0.0004117845
-5 -29 0.0003754584
-4 -29 0.0003292072
-3 -29 0.0002741277
-2 -29 0.0002117163
-1 -29 0.0001437968
0 -29 0.0000724278
1 -29 -0.0000002036
2 -29 -0.0000718939
3 -29 -0.0001405331
4 -29 -0.0002042046
5 -29 -0.0002612698
6 -29 -0.0003104315
7 -29 -0.0003507735
8 -29 -0.0003817762
9 -29 -0.0004033084
10 -29 -0.0004155984
11 -29 -0.0004191887
12 -29 -0.0004148774
13 -29 -0.0004036538
14 -29 -0.0003866306
15 -29 -0.0003649787
16 -29 -0.0003398673
17 -29 -0.0003124125
18 -29 -0.0002836354
19 -29 -0.0002544310
20 -29 -0.0002255475
21 -29 -0.0001975749
22 -29 -0.0001709418
23 -29 -0.0001459187
24 -29 -0.0001226272
25 -29 -0.0001010508
26 -29 -0.0000810500
27 -29 -0.0000623770
28 -29 -0.0000446916
29 -29 -0.0000275783
30 -29 -0.0000105625
31 -29 0.0000000000
-31 -28 0.0000000000
-30 -28 0.0000096783
-29 -28 0.0000179476
-28 -28 0.0000279649
-27 -28 0.0000403022
-26 -28 0.0000555496
-25 -28 0.0000742920
-24 -28 0.0000970772
-23 -28 0.0001243742
-22 -28 0.0001565248
-21 -28 0.0001936894
-20 -28 0.0002357924
-19 -28 0.0002824709
-18 -28 0.0003330333
-17 -28 0.0003864329
-16 -28 0.0004412629
-15 -28 0.0004957757
-14 -28 0.0005479318
-13 -28 0.0005954753
-12 -28 0.0006360374
-11 -28 0.0006672598
-10 -28 0.0006869323
-9 -28 0.0006931348
-8 -28 0.0006843718
-7 -28 0.0006596901
-6 -28 0.0006187682
-5 -28 0.0005619695
-4 -28 0.0004903540
-3 -28 0.0004056461
-2 -28 0.0003101594
-1 -28 0.0002066854
0 -28 0.0000983511
1 -28 -0.0000115408
2 -28 -0.0001196806
3 -28 -0.0002229145
4 -28 -0.0003183933
5 -28 -0.0004036955
6 -28 -0.0004769192
7 -28 -0.0005367383
8 -28 -0.0005824225
9 -28 -0.0006138222
10 -28 -0.0006313230
11 -28 -0.0006357754
12 -28 -0.0006284069
13 -28 -0.0006107243
14 -28 -0.0005844121
15 -28 -0.0005512358
16 -28 -0.0005129526
17 -28 -0.0004712351
18 -28 -0.0004276099
19 -28 -0.0003834119
20 -28 -0.0003397541
21 -28 -0.0002975113
22 -28 -0.0002573161
23 -28 -0.0002195649
24 -28 -0.0001844307
25 -28 -0.0001518818
26 -28 -0.0001217027
27 -28 -0.0000935179
28 -28 -0.0000668159
29 -28 -0.0000409744
30 -28 -0.0000152862
31 -28 0.0000000000
-31 -27 0.0000000000
-30 -27 0.0000146231
-29 -27 0.0000269630
-28 -27 0.0000418422
-27 -27 0.0000600829
-26 -27 0.0000825254
-25 -27 0.0001099938
-24 -27 0.0001432494
-23 -27 0.0001829307
-22 -27 0.0002294844
-21 -27 0.0002830899
-20 -27 0.0003435829
-19 -27 0.0004103864
-18 -27 0.0004824551
-17 -27 0.0005582434
-16 -27 0.0006357026
-15 -27 0.0007123150
-14 -27 0.0007851667
-13 -27 0.0008510600
-12 -27 0.0009066613
-11 -27 0.0009486778
-10 -27 0.0009740507
-9 -27 0.0009801534
-8 -27 0.0009649768
-7 -27 0.0009272895
-6 -27 0.0008667569
-5 -27 0.0007840085
-4 -27 0.0006806468
-3 -27 0.0005591951
-2 -27 0.0004229869
-1 -27 0.0002760034
0 -27 0.0001226728
1 -27 -0.0000323562
2 -27 -0.0001844492
3 -27 -0.0003292129
4 -27 -0.0004626992
5 -27 -0.0005815734
6 -27 -0.0006832382
7 -27 -0.0007659074
8 -27 -0.0008286292
9 -27 -0.0008712612
10 -27 -0.0008944033
11 -27 -0.0008992973
12 -27 -0.0008877026
13 -27 -0.0008617588
14 -27 -0.0008238445
15 -27 -0.0007764416
16 -27 -0.0007220127
17 -27 -0.0006628954
18 -27 -0.0006012180
19 -27 -0.0005388374
20 -27 -0.0004772975
21 -27 -0.0004178081
22 -27 -0.0003612407
23 -27 -0.0003081368
24 -27 -0.0002587273
25 -27 -0.0002129588
26 -27 -0.0001705237
27 -27 -0.0001308937
28 -27 -0.0000933543
29 -27 -0.0000570398
30 -27 -0.0000209704
31 -27 0.0000000000
-31 -26 0.0000000000
-30 -26 0.0000212106
-29 -26 0.0000389309
-28 -26 0.0000601937
-27 -26 0.0000861352
-26 -26 0.0001179059
-25 -26 0.0001566213
-24 -26 0.0002032964
-23 -26 0.0002587637
-22 -26 0.0003235785
-21 -26 0.0003979173
-20 -26 0.0004814769
-19 -26 0.0005733832
-18 -26 0.0006721224
-17 -26 0.0007755026
-16 -26 0.0008806588
-15 -26 0.0009841051
-14 -26 0.0010818417
-13 -26 0.0011695129
-12 -26 0.0012426122
-11 -26 0.0012967236
-10 -26 0.0013277835
-9 -26 0.0013323451
-8 -26 0.0013078246
-7 -26 0.0012527097
-6 -26 0.0011667108
-5 -26 0.0010508429
-4 -26 0.0009074266
-3 -26 0.0007400088
-2 -26 0.0005532042
-1 -26 0.0003524714
0 -26 0.0001438377
1 -26 -0.0000664077
2 -26 -0.0002720284
3 -26 -0.0004671435
4 -26 -0.0006464971
5 -26 -0.0008056793
6 -26 -0.0009412858
7 -26 -0.0010510108
8 -26 -0.0011336716
9 -26 -0.0011891696
10 -26 -0.0012183960
11 -26 -0.0012230932
12 -26 -0.0012056862
13 -26 -0.0011690965
14 -26 -0.0011165532
15 -26 -0.0010514115
16 -26 -0.0009769890
17 -26 -0.0008964266
18 -26 -0.0008125765
19 -26 -0.0007279205
20 -26 -0.0006445172
21 -26 -0.0005639747
22 -26 -0.0004874456
23 -26 -0.0004156409
24 -26 -0.0003488563
25 -26 -0.0002870080
26 -26 -0.0002296749
27 -26 -0.0001761440
28 -26 -0.0001254566
29 -26 -0.0000764576
30 -26 -0.0000278445
31 -26 0.0000000000
-31 -25 0.0000000000
-30 -25 0.0000299441
-29 -25 0.0000547384
-28 -25 0.0000843422
-27 -25 0.0001202857
-26 -25 0.0001641023
-25 -25 0.0002172619
-24 -25 0.0002810807
-23 -25 0.0003566117
-22 -25 0.0004445190
-21 -25 0.0005449448
-20 -25 0.0006573789
-19 -25 0.0007805440
-18 -25 0.0009123105
-17 -25 0.0010496562
-16 -25 0.0011886808
-15 -25 0.0013246864
-14 -25 0.0014523271
-13 -25 0.0015658261
-12 -25 0.0016592525
-11 -25 0.0017268414
-10 -25 0.0017633398
-9 -25 0.0017643503
-8 -25 0.0017266483
-7 -25 0.0016484464
-6 -25 0.0015295813
-5 -25 0.0013716077
-4 -25 0.0011777868
-3 -25 0.0009529686
-2 -25 0.0007033741
-1 -25 0.0004362924
0 -25 0.0001597140
1 -25 -0.0001180724
2 -25 -0.0003888928
3 -25 -0.0006450798
4 -25 -0.0008798203
5 -25 -0.0010874366
6 -25 -0.0012635874
7 -25 -0.0014053802
8 -25 -0.0015113954
9 -25 -0.0015816281
10 -25 -0.0016173586
11 -25 -0.0016209666
12 -25 -0.0015957080
13 -25 -0.0015454698
14 -25 -0.0014745236
15 -25 -0.0013872888
16 -25 -0.0012881210
17 -25 -0.0011811314
18 -25 -0.0010700439
19 -25 -0.0009580908
20 -25 -0.0008479456
21 -25 -0.0007416897
22 -25 -0.0006408086
23 -25 -0.0005462108
24 -25 -0.0004582640
25 -25 -0.0003768433
26 -25 -0.0003013878
27 -25 -0.0002309597
28 -25 -0.0001643077
29 -25 -0.0000999306
30 -25 -0.0000361428
31 -25 0.0000000000
-31 -24 0.0000000000
-30 -24 0.0000413998
-29 -24 0.0000753953
-28 -24 0.0001157859
-27 -24 0.0001645910
-26 -24 0.0002238139
-25 -24 0.0002953513
-24 -24 0.0003808740
-23 -24 0.0004816826
-22 -24 0.0005985446
-21 -24 0.0007315239
-20 -24 0.0008798159
-19 -24 0.0010416059
-18 -24 0.0012139683
-17 -24 0.0013928251
-16 -24 0.0015729778
-15 -24 0.0017482242
-14 -24 0.0019115642
-13 -24 0.0020554909
-12 -24 0.0021723552
-11 -24 0.0022547841
-10 -24 0.0022961256
-9 -24 0.0022908882
-8 -24 0.0022351406
-7 -24 0.0021268395
-6 -24 0.0019660554
-5 -24 0.0017550763
-4 -24 0.0014983757
-3 -24 0.0012024451
-2 -24 0.0008754998
-1 -24 0.0005270787
0 -24 0.0001675665
1 -24 -0.0001923282
2 -24 -0.0005421010
3 -24 -0.0008719513
4 -24 -0.0011732208
5 -24 -0.0014387443
6 -24 -0.0016630972
7 -24 -0.0018427285
8 -24 -0.0019759812
9 -24 -0.0020630084
10 -24 -0.0021055993
11 -24 -0.0021069358
12 -24 -0.0020713020
13 -24 -0.0020037687
14 -24 -0.0019098766
15 -24 -0.0017953348
16 -24 -0.0016657510
17 -24 -0.0015264034
18 -24 -0.0013820609
19 -24 -0.0012368516
20 -24 -0.0010941809
21 -24 -0.0009566915
22 -24 -0.0008262606
23 -24 -0.0007040262
24 -24 -0.0005904361
25 -24 -0.0004853111
26 -24 -0.0003879183
27 -24 -0.0002970497
28 -24 -0.0002111031
29 -24 -0.0001281657
30 -24 -0.0000460988
31 -24 0.0000000000
-31 -23 0.0000000000
-30 -23 0.0000562223
-29 -23 0.0001020246
-28 -23 0.0001561812
-27 -23 0.0002213121
-26 -23 0.0002999900
-25 -23 0.0003946204
-24 -23 0.0005072860
-23 -23 0.0006395606
-22 -23 0.0007923020
-21 -23 0.0009654367
-20 -23 0.0011577560
-19 -23 0.0013667444
-18 -23 0.0015884635
-17 -23 0.0018175133
-16 -23 0.0020470885
-15 -23 0.0022691432
-14 -23 0.0024746683
-13 -23 0.0026540734
-12 -23 0.0027976603
-11 -23 0.0028961580
-10 -23 0.0029412866
-9 -23 0.0029263088
-8 -23 0.0028465254
-7 -23 0.0026996742
-6 -23 0.0024861976
-5 -23 0.0022093519
-4 -23 0.0018751463
-3 -23 0.0014921105
-2 -23 0.0010709053
-1 -23 0.0006238037
0 -23 0.0001640778
1 -23 -0.0002946634
2 -23 -0.0007391407
3 -23 -0.0011570294
4 -23 -0.0015375033
5 -23 -0.0018716669
6 -23 -0.0021528531
7 -23 -0.0023767782
8 -23 -0.0025415547
9 -23 -0.0026475739
10 -23 -0.0026972765
11 -23 -0.0026948394
12 -23 -0.0026458035
13 -23 -0.0025566749
14 -23 -0.0024345241
15 -23 -0.0022866075
16 -23 -0.0021200300
17 -23 -0.0019414607
18 -23 -0.0017569094
19 -23 -0.0015715663
20 -23 -0.0013897008
21 -23 -0.0012146156
22 -23 -0.0010486457
23 -23 -0.0008931949
24 -23 -0.0007487992
25 -23 -0.0006152091
26 -23 -0.0004914838
27 -23 -0.0003760918
28 -23 -0.0002670147
29 -23 -0.0001618538
30 -23 -0.0000579380
31 -23 0.0000000000
-31 -22 0.0000000000
-30 -22 0.0000751122
-29 -22 0.0001358387
-28 -22 0.0002073060
-27 -22 0.0002928610
-26 -22 0.0003957574
-25 -22 0.0005189985
-24 -22 0.0006651389
-23 -22 0.0008360478
-22 -22 0.0010326495
-21 -22 0.0012546571
-20 -22 0.0015003238
-19 -22 0.0017662396
-18 -22 0.0020471999
-17 -22 0.0023361749
-16 -22 0.0026244001
-15 -22 0.0029016022
-14 -22 0.0031563648
-13 -22 0.0033766225
-12 -22 0.0035502635
-11 -22 0.0036658052
-10 -22 0.0037130970
-9 -22 0.0036840019
-8 -22 0.0035730012
-7 -22 0.0033776731
-6 -22 0.0030990026
-5 -22 0.0027414933
-4 -22 0.0023130640
-3 -22 0.0018247360
-2 -22 0.0012901267
-1 -22 0.0007247871
0 -22 0.0001454282
1 -22 -0.0004309081
2 -22 -0.0009876764
3 -22 -0.0015095990
4 -22 -0.0019833317
5 -22 -0.0023979861
6 -22 -0.0027454853
7 -22 -0.0030207394
8 -22 -0.0032216463
9 -22 -0.0033489316
10 -22 -0.0034058530
11 -22 -0.0033978013
12 -22 -0.0033318332
13 -22 -0.0032161720
14 -22 -0.0030597093
15 -22 -0.0028715364
16 -22 -0.0026605277
17 -22 -0.0024349914
18 -22 -0.0022023967
19 -22 -0.0019691784
20 -22 -0.0017406161
21 -22 -0.0015207813
22 -22 -0.0013125395
23 -22 -0.0011175991
24 -22 -0.0009365930
25 -22 -0.0007691830
26 -22 -0.0006141800
27 -22 -0.0004696702
28 -22 -0.0003331466
29 -22 -0.0002016429
30 -22 -0.0000718686
31 -22 0.0000000000
-31 -21 0.0000000000
-30 -21 0.0000988048
-29 -21 0.0001781015
-28 -21 0.0002710013
-27 -21 0.0003817189
-26 -21 0.0005143096
-25 -21 0.0006724697
-24 -21 0.0008592852
-23 -21 0.0010769371
-22 -21 0.0013263804
-21 -21 0.0016070198
-20 -21 0.0019164120
-19 -21 0.0022500272
-18 -21 0.0026011062
-17 -21 0.0029606432
-16 -21 0.0033175219
-15 -21 0.0036588184
-14 -21 0.0039702738
-13 -21 0.0042369239
-12 -21 0.0044438546
-11 -21 0.0045770409
-10 -21 0.0046242125
-9 -21 0.0045756830
-8 -21 0.0044250775
-7 -21 0.0041698987
-6 -21 0.0038118805
-5 -21 0.0033570938
-4 -21 0.0028157901
-3 -21 0.0022019872
-2 -21 0.0015328232
-1 -21 0.0008277231
0 -21 0.0001074369
1 -21 -0.0006069837
2 -21 -0.0012951994
3 -21 -0.0019385212
4 -21 -0.0025207149
5 -21 -0.0030286252
6 -21 -0.0034525932
7 -21 -0.0037866530
8 -21 -0.0040285142
9 -21 -0.0041793498
10 -21 -0.0042434198
11 -21 -0.0042275724
12 -21 -0.0041406643
13 -21 -0.0039929447
14 -21 -0.0037954444
15 -21 -0.0035594020
16 -21 -0.0032957567
17 -21 -0.0030147252
18 -21 -0.0027254711
19 -21 -0.0024358715
20 -21 -0.0021523738
21 -21 -0.0018799347
22 -21 -0.0016220283
23 -21 -0.0013807091
24 -21 -0.0011567150
25 -21 -0.0009495998
26 -21 -0.0007578813
27 -21 -0.0005792000
28 -21 -0.0004104825
29 -21 -0.0002481066
30 -21 -0.0000880699
31 -21 0.0000000000
-31 -20 0.0000000000
-30 -20 0.0001280404
-29 -20 0.0002300744
-28 -20 0.0003490910
-27 -20 0.0004903238
-26 -20 0.0006587587
-25 -20 0.0008588823
-24 -20 0.0010943692
-23 -20 0.0013677200
-22 -20 0.0016798711
-21 -20 0.0020298046
-20 -20 0.0024141968
-19 -20 0.0028271447
-18 -20 0.0032600137
-17 -20 0.0037014423
-16 -20 0.0041375364
-15 -20 0.0045522659
-14 -20 0.0049280673
-13 -20 0.0052466313
-12 -20 0.0054898372
-11 -20 0.0056407808
-10 -20 0.0056848243
-9 -20 0.0056105929
-8 -20 0.0054108389
-7 -20 0.0050831013
-6 -20 0.0046301022
-5 -20 0.0040598400
-4 -20 0.0033853634
-3 -20 0.0026242353
-2 -20 0.0017977213
-1 -20 0.0009297568
0 -20 0.0000457671
1 -20 -0.0008285784
2 -20 -0.0016685931
3 -20 -0.0024517003
4 -20 -0.0031583921
5 -20 -0.0037729670
6 -20 -0.0042840131
7 -20 -0.0046846251
8 -20 -0.0049723621
9 -20 -0.0051489716
10 -20 -0.0052199197
11 -20 -0.0051937747
12 -20 -0.0050814979
13 -20 -0.0048956943
14 -20 -0.0046498709
15 -20 -0.0043577451
16 -20 -0.0040326336
17 -20 -0.0036869452
18 -20 -0.0033317863
19 -20 -0.0029766842
20 -20 -0.0026294193
21 -20 -0.0022959564
22 -20 -0.0019804596
23 -20 -0.0016853723
24 -20 -0.0014115465
25 -20 -0.0011584057
26 -20 -0.0009241283
27 -20 -0.0007058425
28 -20 -0.0004998261
29 -20 -0.0003017095
30 -20 -0.0001066813
31 -20 0.0000000000
-31 -19 0.0000000000
-30 -19 0.0001635249
-29 -19 0.0002929480
-28 -19 0.0004432793
-27 -19 0.0006209313
-26 -19 0.0008319526
-25 -19 0.0010817168
-24 -19 0.0013745390
-23 -19 0.0017132377
-22 -19 0.0020986655
-21 -19 0.0025292487
-20 -19 0.0030005772
-19 -19 0.0035050960
-18 -19 0.0040319479
-17 -19 0.0045670103
-16 -19 0.0050931605
-15 -19 0.0055907871
-14 -19 0.0060385432
-13 -19 0.0064143184
-12 -19 0.0066963782
-11 -19 0.0068646059
-10 -19 0.0069017600
-9 -19 0.0067946563
-8 -19 0.0065351810
-7 -19 0.0061210493
-6 -19 0.0055562426
-5 -19 0.0048510792
-4 -19 0.0040219024
-3 -19 0.0030904003
-2 -19 0.0020826008
-1 -19 0.0010276109
0 -19 -0.0000438120
1 -19 -0.0011007580
2 -19 -0.0021136299
3 -19 -0.0030554813
4 -19 -0.0039031465
5 -19 -0.0046381012
6 -19 -0.0052470164
7 -19 -0.0057219932
8 -19 -0.0060604885
9 -19 -0.0062649649
10 -19 -0.0063423106
11 -19 -0.0063030904
12 -19 -0.0061606880
13 -19 -0.0059304055
14 -19 -0.0056285757
15 -19 -0.0052717360
16 -19 -0.0048759027
17 -19 -0.0044559681
18 -19 -0.0040252367
19 -19 -0.0035950988
20 -19 -0.0031748372
21 -19 -0.0027715504
22 -19 -0.0023901755
23 -19 -0.0020335887
24 -19 -0.0017027645
25 -19 -0.0013969741
26 -19 -0.0011140084
27 -19 -0.0008504145
28 -19 -0.0006017383
29 -19 -0.0003627695
30 -19 -0.0001277894
31 -19 0.0000000000
-31 -18 0.0000000000
-30 -18 0.0002058837
-29 -18 0.0003677607
-28 -18 0.0005550323
-27 -18 0.0007754525
-26 -18 0.0010362647
-25 -18 0.0013438218
-24 -18 0.0017031233
-23 -18 0.0021172910
-22 -18 0.0025870148
-21 -18 0.0031100137
-20 -18 0.0036805661
-19 -18 0.0042891675
-18 -18 0.0049223730
-17 -18 0.0055628775
-16 -18 0.0061898680
-15 -18 0.0067796691
-14 -18 0.0073066710
-13 -18 0.0077445107
-12 -18 0.0080674438
-11 -18 0.0082518241
-10 -18 0.0082775914
-9 -18 0.0081296557
-8 -18 0.0077990699
-7 -18 0.0072838923
-6 -18 0.0065896608
-5 -18 0.0057294296
-4 -18 0.0047233538
-3 -18 0.0035978416
-2 -18 0.0023843290
-1 -18 0.0011177606
0 -18 -0.0001651174
1 -18 -0.0014275355
2 -18 -0.0026344302
3 -18 -0.0037540132
4 -18 -0.0047590887
5 -18 -0.0056280457
6 -18 -0.0063454861
7 -18 -0.0069024745
8 -18 -0.0072964246
9 -18 -0.0075306625
10 -18 -0.0076137222
11 -18 -0.0075584460
12 -18 -0.0073809613
13 -18 -0.0070996117
14 -18 -0.0067339055
15 -18 -0.0063035425
16 -18 -0.0058275594
17 -18 -0.0053236238
18 -18 -0.0048074917
19 -18 -0.0042926292
20 -18 -0.0037899899
21 -18 -0.0033079309
22 -18 -0.0028522448
23 -18 -0.0024262843
24 -18 -0.0020311547
25 -18 -0.0016659526
26 -18 -0.0013280340
27 -18 -0.0010132974
28 -18 -0.0007164739
29 -18 -0.0004314206
30 -18 -0.0001514158
31 -18 0.0000000000
-31 -17 0.0000000000
-30 -17 0.0002556088
-29 -17 0.0004553090
-28 -17 0.0006854465
-27 -17 0.0009552776
-26 -17 0.0012733675
-25 -17 0.0016471322
-24 -17 0.0020822881
-23 -17 0.0025822334
-22 -17 0.0031474010
-21 -17 0.0037746375
-20 -17 0.0044566715
-19 -17 0.0051817399
-18 -17 0.0059334382
-17 -17 0.0066908553
-16 -17 0.0074290298
-15 -17 0.0081197489
-14 -17 0.0087326763
-13 -17 0.0092367669
-12 -17 0.0096018959
-11 -17 0.0098006004
-10 -17 0.0098098170
-9 -17 0.0096124836
-8 -17 0.0091988814
-7 -17 0.0085676025
-6 -17 0.0077260564
-5 -17 0.0066904608
-4 -17 0.0054853038
-3 -17 0.0041423048
-2 -17 0.0026989415
-1 -17 0.0011966445
0 -17 -0.0003212177
1 -17 -0.0018114230
2 -17 -0.0032329134
3 -17 -0.0045486148
4 -17 -0.0057269540
5 -17 -0.0067429917
6 -17 -0.0075791264
7 -17 -0.0082253561
8 -17 -0.0086791181
9 -17 -0.0089447537
10 -17 -0.0090326653
11 -17 -0.0089582493
12 -17 -0.0087406913
13 -17 -0.0084017099
14 -17 -0.0079643291
15 -17 -0.0074517411
16 -17 -0.0068863135
17 -17 -0.0062887696
18 -17 -0.0056775619
19 -17 -0.0050684366
20 -17 -0.0044741807
21 -17 -0.0039045298
22 -17 -0.0033662121
23 -17 -0.0028630988
24 -17 -0.0023964341
25 -17 -0.0019651193
26 -17 -0.0015660301
27 -17 -0.0011943517
28 -17 -0.0008439223
29 -17 -0.0005075791
30 -17 -0.0001775063
31 -17 0.0000000000
-31 -16 0.0000000000
-30 -16 0.0003130045
-29 -16 0.0005560539
-28 -16 0.0008351145
-27 -16 0.0011610973
-26 -16 0.0015440048
-25 -16 0.0019923881
-24 -16 0.0025126996
-23 -16 0.0031085729
-22 -16 0.0037800777
-21 -16 0.0045230127
-20 -16 0.0053283126
-19 -16 0.0061816464
-18 -16 0.0070632841
-17 -16 0.0079482983
-16 -16 0.0088071415
-15 -16 0.0096066193
-14 -16 0.0103112393
-13 -16 0.0108848843
-12 -16 0.0112927206
-11 -16 0.0115032238
-10 -16 0.0114901821
-9 -16 0.0112345297
-8 -16 0.0107258647
-7 -16 0.0099635230
-6 -16 0.0089571112
-5 -16 0.0077264380
-4 -16 0.0063008337
-3 -16 0.0047178953
-2 -16 0.0030217398
-1 -16 0.0012608853
0 -16 -0.0005140944
1 -16 -0.0022529853
2 -16 -0.0039082586
3 -16 -0.0054371586
4 -16 -0.0068034299
5 -16 -0.0079785958
6 -16 -0.0089427382
7 -16 -0.0096847688
8 -16 -0.0102022168
9 -16 -0.0105005850
10 -16 -0.0105923563
11 -16 -0.0104957429
12 -16 -0.0102332830
13 -16 -0.0098303838
14 -16 -0.0093138996
15 -16 -0.0087108220
16 -16 -0.0080471362
17 -16 -0.0073468812
18 -16 -0.0066314318
19 -16 -0.0059190035
20 -16 -0.0052243669
21 -16 -0.0045587478
22 -16 -0.0039298839
23 -16 -0.0033422042
24 -16 -0.0027971005
25 -16 -0.0022932598
26 -16 -0.0018270365
27 -16 -0.0013928443
28 -16 -0.0009835572
29 -16 -0.0005909136
30 -16 -0.0002059223
31 -16 0.0000000000
-31 -15 0.0000000000
-30 -15 0.0003781336
-29 -15 0.0006700317
-28 -15 0.0010039973
-27 -15 0.0013927333
-26 -15 0.0018477795
-25 -15 0.0023788771
-24 -15 0.0029932179
-23 -15 0.0036946170
-22 -15 0.0044826647
-21 -15 0.0053519331
-20 -15 0.0062913216
-19 -15 0.0072836337
-18 -15 0.0083054690
-17 -15 0.0093275041
-16 -15 0.0103152081
-15 -15 0.0112300079
-14 -15 0.0120308803
-13 -15 0.0126763027
-12 -15 0.0131264610
-11 -15 0.0133455751
-10 -15 0.0133041825
-9 -15 0.0129812138
-8 -15 0.0123656944
-7 -15 0.0114579307
-6 -15 0.0102700644
-5 -15 0.0088259287
-4 -15 0.0071601953
-3 -15 0.0053168682
-2 -15 0.0033472343
-1 -15 0.0013074137
0 -15 -0.0007443292
1 -15 -0.0027503459
2 -15 -0.0046562543
3 -15 -0.0064133072
4 -15 -0.0079803334
5 -15 -0.0093251546
6 -15 -0.0104254369
7 -15 -0.0112689742
8 -15 -0.0118534295
9 -15 -0.0121855866
10 -15 -0.0122801953
11 -15 -0.0121585220
12 -15 -0.0118467268
13 -15 -0.0113741864
14 -15 -0.0107718677
15 -15 -0.0100708320
16 -15 -0.0093009343
17 -15 -0.0084897562
18 -15 -0.0076617933
19 -15 -0.0068378960
20 -15 -0.0060349504
21 -15 -0.0052657706
22 -15 -0.0045391695
23 -15 -0.0038601699
24 -15 -0.0032303188
25 -15 -0.0026480744
26 -15 -0.0021092352
27 -15 -0.0016073935
28 -15 -0.0011343989
29 -15 -0.0006808244
30 -15 -0.0002364343
31 -15 0.0000000000
-31 -14 0.0000000000
-30 -14 0.0004507701
-29 -14 0.0007967744
-28 -14 0.0011913131
-27 -14 0.0016489955
-26 -14 0.0021829766
-25 -14 0.0028042227
-24 -14 0.0035206513
-23 -14 0.0043361929
-22 -14 0.0052498375
-21 -14 0.0062547541
-20 -14 0.0073375799
-19 -14 0.0084779800
-18 -14 0.0096485757
-17 -14 0.0108153170
-16 -14 0.0119383514
-15 -14 0.0129733988
-14 -14 0.0138736016
-13 -14 0.0145917699
-12 -14 0.0150828987
-11 -14 0.0153068011
-10 -14 0.0152306801
-9 -14 0.0148314607
-8 -14 0.0140977062
-7 -14 0.0130309508
-6 -14 0.0116462934
-5 -14 0.0099721432
-4 -14 0.0080491071
-3 -14 0.0059281315
-2 -14 0.0036680938
-1 -14 0.0013330322
0 -14 -0.0010108442
1 -14 -0.0032982380
2 -14 -0.0054677532
3 -14 -0.0074645528
4 -14 -0.0092424828
5 -14 -0.0107655703
6 -14 -0.0120089163
7 -14 -0.0129590246
8 -14 -0.0136135736
9 -14 -0.0139806266
10 -14 -0.0140773283
11 -14 -0.0139282204
12 -14 -0.0135633486
13 -14 -0.0130163283
14 -14 -0.0123224914
15 -14 -0.0115172005
16 -14 -0.0106343894
17 -14 -0.0097053679
18 -14 -0.0087579125
19 -14 -0.0078156432
20 -14 -0.0068976689
21 -14 -0.0060184729
22 -14 -0.0051879976
23 -14 -0.0044118895
24 -14 -0.0036918602
25 -14 -0.0030261280
26 -14 -0.0024099100
27 -14 -0.0018359391
28 -14 -0.0012949941
29 -14 -0.0007764316
30 -14 -0.0002687196
31 -14 0.0000000000
-31 -13 0.0000000000
-30 -13 0.0005303619
-29 -13 0.0009352509
-28 -13 0.0013954559
-27 -13 0.0019275783
-26 -13 0.0025464392
-25 -13 0.0032642413
-24 -13 0.0040895971
-23 -13 0.0050264756
-22 -13 0.0060731452
-21 -13 0.0072212075
-20 -13 0.0084548344
-19 -13 0.0097503195
-18 -13 0.0110760509
-17 -13 0.0123929887
-16 -13 0.0136556991
-15 -13 0.0148139508
-14 -13 0.0158148323
-13 -13 0.0166052896
-12 -13 0.0171349412
-11 -13 0.0173589975
-10 -13 0.0172411160
-9 -13 0.0167560444
-8 -13 0.0158918957
-7 -13 0.0146518279
-6 -13 0.0130547953
-5 -13 0.0111350648
-4 -13 0.0089404616
-3 -13 0.0065297205
-2 -13 0.0039695111
-1 -13 0.0013314841
0 -13 -0.0013107250
1 -13 -0.0038847234
2 -13 -0.0063226971
3 -13 -0.0085643654
4 -13 -0.0105591012
5 -13 -0.0122672043
6 -13 -0.0136606849
7 -13 -0.0147238258
8 -13 -0.0154534061
9 -13 -0.0158582307
10 -13 -0.0159577804
11 -13 -0.0157801568
12 -13 -0.0153597066
13 -13 -0.0147346751
14 -13 -0.0139450678
15 -13 -0.0130307786
16 -13 -0.0120299949
17 -13 -0.0109778950
18 -13 -0.0099056531
19 -13 -0.0088397547
20 -13 -0.0078016088
21 -13 -0.0068074261
22 -13 -0.0058683196
23 -13 -0.0049905832
24 -13 -0.0041761016
25 -13 -0.0034228491
26 -13 -0.0027254457
27 -13 -0.0020757418
28 -13 -0.0014634161
29 -13 -0.0008765772
30 -13 -0.0003023644
31 -13 0.0000000000
-31 -12 0.0000000000
-30 -12 0.0006160083
-29 -12 0.0010838328
-28 -12 0.0016139525
-27 -12 0.0022250110
-26 -12 0.0029335150
-25 -12 0.0037528897
-24 -12 0.0046923931
-23 -12 0.0057559499
-22 -12 0.0069409901
-21 -12 0.0082374037
-20 -12 0.0096267303
-19 -12 0.0110817115
-18 -12 0.0125663171
-17 -12 0.0140363377
-16 -12 0.0154405915
-15 -12 0.0167227449
-14 -12 0.0178236792
-13 -12 0.0186842699
-12 -12 0.0192483992
-11 -12 0.0194660360
-10 -12 0.0192963327
-9 -12 0.0187108129
-8 -12 0.0176966631
-7 -12 0.0162596731
-6 -12 0.0144257125
-5 -12 0.0122395215
-4 -12 0.0097606605
-3 -12 0.0070581559
-2 -12 0.0042060895
-1 -12 0.0012811205
0 -12 -0.0016391500
1 -12 -0.0044787164
2 -12 -0.0071668599
3 -12 -0.0096414064
4 -12 -0.0118500050
5 -12 -0.0137498025
6 -12 -0.0153074472
7 -12 -0.0165007455
8 -12 -0.0173212371
9 -12 -0.0177756878
10 -12 -0.0178851745
11 -12 -0.0176820793
12 -12 -0.0172063073
13 -12 -0.0165018607
14 -12 -0.0156141760
15 -12 -0.0145881038
16 -12 -0.0134663059
17 -12 -0.0122879478
18 -12 -0.0110876749
19 -12 -0.0098948921
20 -12 -0.0087333507
21 -12 -0.0076210215
22 -12 -0.0065702124
23 -12 -0.0055878811
24 -12 -0.0046760940
25 -12 -0.0038325840
26 -12 -0.0030513709
27 -12 -0.0023234157
28 -12 -0.0016372881
29 -12 -0.0009798388
30 -12 -0.0003368700
31 -12 0.0000000000
-31 -11 0.0000000000
-30 -11 0.0007064568
-29 -11 0.0012402933
-28 -11 0.0018434668
-27 -11 0.0025366723
-26 -11 0.0033380862
-25 -11 0.0042623152
-24 -11 0.0053191976
-23 -11 0.0065125257
-22 -11 0.0078387869
-21 -11 0.0092860428
-20 -11 0.0108330817
-19 -11 0.0124489776
-18 -11 0.0140931802
-17 -11 0.0157162274
-16 -11 0.0172611225
-15 -11 0.0186653489
-14 -11 0.0198633905
-13 -11 0.0207895261
-12 -11 0.0213806269
-11 -11 0.0215788981
-10 -11 0.0213350478
-9 -11 0.0206129450
-8 -11 0.0193965077
-7 -11 0.0176974997
-6 -11 0.0155599734
-5 -11 0.0130564356
-4 -11 0.0102750642
-3 -11 0.0073042069
-2 -11 0.0042231630
-1 -11 0.0011027843
0 -11 -0.0019894421
1 -11 -0.0049879676
2 -11 -0.0078332534
3 -11 -0.0104753571
4 -11 -0.0128710943
5 -11 -0.0149767554
6 -11 -0.0167447241
7 -11 -0.0181295964
8 -11 -0.0191005452
9 -11 -0.0196512053
10 -11 -0.0198010871
11 -11 -0.0195893715
12 -11 -0.0190661167
13 -11 -0.0182851655
14 -11 -0.0173000260
15 -11 -0.0161618673
16 -11 -0.0149184035
17 -11 -0.0136129924
18 -11 -0.0122838111
19 -11 -0.0109631990
20 -11 -0.0096772546
21 -11 -0.0084457131
22 -11 -0.0072820831
23 -11 -0.0061939939
24 -11 -0.0051837022
25 -11 -0.0042487093
26 -11 -0.0033824458
27 -11 -0.0025749946
28 -11 -0.0018138298
29 -11 -0.0010845587
30 -11 -0.0003716636
31 -11 0.0000000000
-31 -10 0.0000000000
-30 -10 0.0008001200
-29 -10 0.0014018419
-28 -10 0.0020798567
-27 -10 0.0028568745
-26 -10 0.0037526889
-25 -10 0.0047830195
-24 -10 0.0059582042
-23 -10 0.0072818156
-22 -10 0.0087493107
-21 -10 0.0103468435
-20 -10 0.0120503872
-19 -10 0.0138253097
-18 -10 0.0156265321
-17 -10 0.0173993583
-16 -10 0.0190809913
-15 -10 0.0206026221
-14 -10 0.0218917667
-13 -10 0.0228742915
-12 -10 0.0234756013
-11 -10 0.0236213447
-10 -10 0.0232400988
-9 -10 0.0222726531
-8 -10 0.0206912870
-7 -10 0.0185246609
-6 -10 0.0158728653
-5 -10 0.0128945276
-4 -10 0.0097634439
-3 -10 0.0066176568
-2 -10 0.0035339830
-1 -10 0.0005405398
0 -10 -0.0023532499
1 -10 -0.0051401472
2 -10 -0.0078196447
3 -10 -0.0104019761
4 -10 -0.0128900445
5 -10 -0.0152469819
6 -10 -0.0173805402
7 -10 -0.0191651236
8 -10 -0.0204892206
9 -10 -0.0212955358
10 -10 -0.0215911663
11 -10 -0.0214305545
12 -10 -0.0208894424
13 -10 -0.0200453133
14 -10 -0.0189686522
15 -10 -0.0177215065
16 -10 -0.0163585474
17 -10 -0.0149279641
18 -10 -0.0134716176
19 -10 -0.0120247836
20 -10 -0.0106158783
21 -10 -0.0092663764
22 -10 -0.0079909730
23 -10 -0.0067979669
24 -10 -0.0056898140
25 -10 -0.0046638012
26 -10 -0.0037127951
27 -10 -0.0028260325
28 -10 -0.0019899279
29 -10 -0.0011888864
30 -10 -0.0004061141
31 -10 0.0000000000
-31 -9 0.0000000000
-30 -9 0.0008951152
-29 -9 0.0015651973
-28 -9 0.0023182849
-27 -9 0.0031790208
-26 -9 0.0041687242
-25 -9 0.0053041329
-24 -9 0.0065959912
-23 -9 0.0080475687
-22 -9 0.0096532274
-21 -9 0.0113971770
-20 -9 0.0132525761
-19 -9 0.0151811320
-18 -9 0.0171333271
-17 -9 0.0190493425
-16 -9 0.0208606089
-15 -9 0.0224916145
-14 -9 0.0238610581
-13 -9 0.0248808107
-12 -9 0.0254513902
-11 -9 0.0254556550
-10 -9 0.0247593801
-9 -9 0.0232344894
-8 -9 0.0208166373
-7 -9 0.0175832583
-6 -9 0.0138017440
-5 -9 0.0098885494
-4 -9 0.0062708969
-3 -9 0.0032259988
-2 -9 0.0008056127
-1 -9 -0.0011134607
0 -9 -0.0027208548
1 -9 -0.0042083148
2 -9 -0.0057750179
3 -9 -0.0076323060
4 -9 -0.0099376595
5 -9 -0.0126835128
6 -9 -0.0156433864
7 -9 -0.0184435638
8 -9 -0.0207200374
9 -9 -0.0222532424
10 -9 -0.0230059434
11 -9 -0.0230728296
12 -9 -0.0226011504
13 -9 -0.0217327734
14 -9 -0.0205814949
15 -9 -0.0192337793
16 -9 -0.0177569640
17 -9 -0.0162060408
18 -9 -0.0146270744
19 -9 -0.0130583375
20 -9 -0.0115305164
21 -9 -0.0100667717
22 -9 -0.0086829511
23 -9 -0.0073880102
24 -9 -0.0061846123
25 -9 -0.0050698553
26 -9 -0.0040360818
27 -9 -0.0030717338
28 -9 -0.0021622274
29 -9 -0.0012908326
30 -9 -0.0004395510
31 -9 0.0000000000
-31 -8 0.0000000000
-30 -8 0.0009893252
-29 -8 0.0017266946
-28 -8 0.0025533806
-27 -8 0.0034958277
-26 -8 0.0045767527
-25 -8 0.0058137916
-24 -8 0.0072179926
-23 -8 0.0087922473
-22 -8 0.0105297848
-21 -8 0.0124128823
-20 -8 0.0144119542
-19 -8 0.0164851793
-18 -8 0.0185787865
-17 -8 0.0206280055
-16 -8 0.0225583825
-15 -8 0.0242864076
-14 -8 0.0257169547
-13 -8 0.0267333646
-12 -8 0.0271768120
-11 -8 0.0268203716
-10 -8 0.0253633938
-9 -8 0.0224923729
-8 -8 0.0180426482
-7 -8 0.0122211882
-6 -8 0.0057450804
-5 -8 -0.0002754364
-4 -8 -0.0047335523
-3 -8 -0.0069854927
-2 -8 -0.0070615498
-1 -8 -0.0055115131
0 -8 -0.0030815896
1 -8 -0.0005192044
2 -8 0.0014201249
3 -8 0.0019665472
4 -8 0.0005329136
5 -8 -0.0029592721
6 -8 -0.0079216461
7 -8 -0.0133059421
8 -8 -0.0180594494
9 -8 -0.0215177221
10 -8 -0.0235182680
11 -8 -0.0242596097
12 -8 -0.0240770305
13 -8 -0.0232804311
14 -8 -0.0220939954
15 -8 -0.0206631898
16 -8 -0.0190827117
17 -8 -0.0174195378
18 -8 -0.0157254072
19 -8 -0.0140418644
20 -8 -0.0124018350
21 -8 -0.0108300915
22 -8 -0.0093435798
23 -8 -0.0079518900
24 -8 -0.0066578992
25 -8 -0.0054585494
26 -8 -0.0043457133
27 -8 -0.0033071096
28 -8 -0.0023272402
29 -8 -0.0013883340
30 -8 -0.0004712871
31 -8 0.0000000000
-31 -7 0.0000000000
-30 -7 0.0010804779
-29 -7 0.0018824253
-28 -7 0.0027794447
-27 -7 0.0037996058
-26 -7 0.0049668596
-25 -7 0.0062995988
-24 -7 0.0078090670
-23 -7 0.0094977136
-22 -7 0.0113576290
-21 -7 0.0133692206
-20 -7 0.0155002990
-19 -7 0.0177057342
-18 -7 0.0199277699
-17 -7 0.0220968540
-16 -7 0.0241321380
-15 -7 0.0259389768
-14 -7 0.0273971790
-13 -7 0.0283296061
-12 -7 0.0284428876
-11 -7 0.0272545031
-10 -7 0.0240720954
-9 -7 0.0181434211
-8 -7 0.0090650624
-7 -7 -0.0026512457
-6 -7 -0.0152256658
-5 -7 -0.0259076611
-4 -7 -0.0319854717
-3 -7 -0.0319547893
-2 -7 -0.0260512461
-1 -7 -0.0158483065
0 -7 -0.0034243424
1 -7 0.0091437292
2 -7 0.0197702975
3 -7 0.0263515817
4 -7 0.0272739499
5 -7 0.0222499003
6 -7 0.0127240472
7 -7 0.0013449807
8 -7 -0.0091989721
9 -7 -0.0171850749
10 -7 -0.0221500559
11 -7 -0.0245345052
12 -7 -0.0251149320
13 -7 -0.0245945287
14 -7 -0.0234537393
15 -7 -0.0219723674
16 -7 -0.0203046073
17 -7 -0.0185408848
18 -7 -0.0167419889
19 -7 -0.0149534813
20 -7 -0.0132105732
21 -7 -0.0115395659
22 -7 -0.0099584325
23 -7 -0.0084773639
24 -7 -0.0070994567
25 -7 -0.0058215361
26 -7 -0.0046350724
27 -7 -0.0035271508
28 -7 -0.0024814664
29 -7 -0.0014793249
30 -7 -0.0005006422
31 -7 0.0000000000
-31 -6 0.0000000000
-30 -6 0.0011662404
-29 -6 0.0020283991
-28 -6 0.0029906871
-27 -6 0.0040825804
-26 -6 0.0053290691
-25 -6 0.0067491437
-24 -6 0.0083541317
-23 -6 0.0101459913
-22 -6 0.0121157007
-21 -6 0.0142419121
-20 -6 0.0164900429
-19 -6 0.0188119546
-18 -6 0.0211462387
-17 -6 0.0234186568
-16 -6 0.0255407614
-15 -6 0.0274007115
-14 -6 0.0288323111
-13 -6 0.0295390493
-12 -6 0.0289548781
-11 -6 0.0260742104
-10 -6 0.0193999561
-9 -6 0.0072768317
-8 -6 -0.0111911042
-7 -6 -0.0348663248
-6 -6 -0.0597829664
-5 -6 -0.0798158686
-4 -6 -0.0889526579
-3 -6 -0.0839231165
-2 -6 -0.0653936873
-1 -6 -0.0370549988
0 -6 -0.0037381125
1 -6 0.0297332922
2 -6 0.0585263168
3 -6 0.0777829499
4 -6 0.0837699391
5 -6 0.0757657596
6 -6 0.0569771730
7 -6 0.0333493058
8 -6 0.0109409641
9 -6 -0.0063430594
10 -6 -0.0174172770
11 -6 -0.0232178040
12 -6 -0.0254264829
13 -6 -0.0255527466
14 -6 -0.0246008063
15 -6 -0.0231230683
16 -6 -0.0213923289
17 -6 -0.0195436680
18 -6 -0.0176532810
19 -6 -0.0157722528
20 -6 -0.0139382727
21 -6 -0.0121790947
22 -6 -0.0105136332
23 -6 -0.0089526369
24 -6 -0.0074994249
25 -6 -0.0061507500
26 -6 -0.0048977595
27 -6 -0.0037270117
28 -6 -0.0026215214
29 -6 -0.0015618126
30 -6 -0.0005269687
31 -6 0.0000000000
-31 -5 0.0000000000
-30 -5 0.0012443216
-29 -5 0.0021607204
-28 -5 0.0031814825
-27 -5 0.0043372340
-26 -5 0.0056537837
-25 -5 0.0071505469
-24 -5 0.0088388250
-23 -5 0.0107200523
-22 -5 0.0127841551
-21 -5 0.0150081949
-20 -5 0.0173554712
-19 -5 0.0197752112
-18 -5 0.0222027377
-17 -5 0.0245591106
-16 -5 0.0267462701
-15 -5 0.0286257996
-14 -5 0.0299536232
-13 -5 0.0302246373
-12 -5 0.0283911964
-11 -5 0.0225203540
-10 -5 0.0096861421
-9 -5 -0.0133713226
-8 -5 -0.0484239460
-7 -5 -0.0932234391
-6 -5 -0.1399209026
-5 -5 -0.1763963559
-4 -5 -0.1907749572
-3 -5 -0.1766525655
-2 -5 -0.1354667608
-1 -5 -0.0746769592
0 -5 -0.0040125802
1 -5 0.0668151723
2 -5 0.1280854416
3 -5 0.1700405854
4 -5 0.1851765320
5 -5 0.1719979565
6 -5 0.1368424137
7 -5 0.0915140914
8 -5 0.0480631335
9 -5 0.0142740088
10 -5 -0.0076600886
11 -5 -0.0195538360
12 -5 -0.0246957013
13 -5 -0.0260253750
14 -5 -0.0254751362
15 -5 -0.0240790428
16 -5 -0.0223179417
17 -5 -0.0204037431
18 -5 -0.0184377730
19 -5 -0.0164790135
20 -5 -0.0145679982
21 -5 -0.0127338715
22 -5 -0.0109963924
23 -5 -0.0093668141
24 -5 -0.0078486785
25 -5 -0.0064387148
26 -5 -0.0051278352
27 -5 -0.0039021917
28 -5 -0.0027442632
29 -5 -0.0016339514
30 -5 -0.0005496754
31 -5 0.0000000000
-31 -4 0.0000000000
-30 -4 0.0013125776
-29 -4 0.0022757668
-28 -4 0.0033466271
-27 -4 0.0045566489
-26 -4 0.0059322195
-25 -4 0.0074929978
-24 -4 0.0092501531
-23 -4 0.0112045816
-22 -4 0.0133452491
-21 -4 0.0156478372
-20 -4 0.0180738616
-19 -4 0.0205703549
-18 -4 0.0230698105
-17 -4 0.0254885395
-16 -4 0.0277164402
-15 -4 0.0295773429
-14 -4 0.0307114273
-13 -4 0.0302991218
-12 -4 0.0265633580
-11 -4 0.0161643207
-10 -4 -0.0059930540
-9 -4 -0.0456052605
-8 -4 -0.1057749184
-7 -4 -0.1825678914
-6 -4 -0.2622398248
-5 -4 -0.3235687044
-4 -4 -0.3457791721
-3 -4 -0.3177108303
-2 -4 -0.2419759066
-1 -4 -0.1317611249
0 -4 -0.0042386485
1 -4 0.1234542277
2 -4 0.2341702269
3 -4 0.3107079957
4 -4 0.3398346068
5 -4 0.3188780512
6 -4 0.2589297350
7 -4 0.1806917271
8 -4 0.1053134890
9 -4 0.0464722966
10 -4 0.0080447504
11 -4 -0.0131166540
12 -4 -0.0227386867
13 -4 -0.0259313394
14 -4 -0.0260344483
15 -4 -0.0248116695
16 -4 -0.0230580135
17 -4 -0.0211004111
18 -4 -0.0190768793
19 -4 -0.0170571348
20 -4 -0.0150850063
21 -4 -0.0131909660
22 -4 -0.0113955070
23 -4 -0.0097103247
24 -4 -0.0081391809
25 -4 -0.0066788312
26 -4 -0.0053200482
27 -4 -0.0040487086
28 -4 -0.0028469121
29 -4 -0.0016941133
30 -4 -0.0005682505
31 -4 0.0000000000
-31 -3 0.0000000000
-30 -3 0.0013691120
-29 -3 0.0023703580
-28 -3 0.0034815803
-27 -3 0.0047348270
-26 -3 0.0061568104
-25 -3 0.0077672488
-24 -3 0.0095770811
-23 -3 0.0115866684
-22 -3 0.0137841378
-21 -3 0.0161440407
-20 -3 0.0186264922
-19 -3 0.0211768321
-18 -3 0.0237252538
-17 -3 0.0261834807
-16 -3 0.0284276222
-15 -3 0.0302349535
-14 -3 0.0310995614
-13 -3 0.0298021422
-12 -3 0.0236363267
-11 -3 0.0074684937
-10 -3 -0.0265629522
-9 -3 -0.0872627047
-8 -3 -0.1794312094
-7 -3 -0.2969843457
-6 -3 -0.4186579717
-5 -3 -0.5116200142
-4 -3 -0.5437424509
-3 -3 -0.4977993162
-2 -3 -0.3779035102
-1 -3 -0.2045503426
0 -3 -0.0044089189
1 -3 0.1959078909
2 -3 0.3697770200
3 -3 0.4904995377
4 -3 0.5375329103
5 -3 0.5067031043
6 -3 0.4151654813
7 -3 0.2949729859
8 -3 0.1788832676
9 -3 0.0880915306
10 -3 0.0286226065
11 -3 -0.0043703996
12 -3 -0.0197237601
13 -3 -0.0253149880
14 -3 -0.0262783678
15 -3 -0.0253071409
16 -3 -0.0235959855
17 -3 -0.0216175429
18 -3 -0.0195557313
19 -3 -0.0174931907
20 -3 -0.0154773277
21 -3 -0.0135398310
22 -3 -0.0117017979
23 -3 -0.0099752946
24 -3 -0.0083642952
25 -3 -0.0068656323
26 -3 -0.0054700378
27 -3 -0.0041632503
28 -3 -0.0029271570
29 -3 -0.0017409498
30 -3 -0.0005822806
31 -3 0.0000000000
-31 -2 0.0000000000
-30 -2 0.0014123650
-29 -2 0.0024419039
-28 -2 0.0035826752
-27 -2 0.0048669653
-26 -2 0.0063215532
-25 -2 0.0079660345
-24 -2 0.0098110286
-23 -2 0.0118563828
-22 -2 0.0140895309
-21 -2 0.0164841759
-20 -2 0.0189994549
-19 -2 0.0215795739
-18 -2 0.0241530990
-17 -2 0.0266278701
-16 -2 0.0288666684
-15 -2 0.0305995605
-14 -2 0.0311703720
-13 -2 0.0289469025
-12 -2 0.0202615453
-11 -2 -0.0018756886
-10 -2 -0.0481899709
-9 -2 -0.1307035197
-8 -2 -0.2559744992
-7 -2 -0.4156933827
-6 -2 -0.5808118682
-5 -2 -0.7064795652
-4 -2 -0.7488168099
-3 -2 -0.6843195594
-2 -2 -0.5186556009
-1 -2 -0.2798877484
0 -2 -0.0045180672
1 -2 0.2710298072
2 -2 0.5103219461
3 -2 0.6768261727
4 -2 0.7424319809
5 -2 0.7014098165
6 -2 0.5771923400
7 -2 0.4135832426
8 -2 0.2553575139
9 -2 0.1314934994
10 -2 0.0502404194
11 -2 0.0049926915
12 -2 -0.0163043581
13 -2 -0.0243925604
14 -2 -0.0262631407
15 -2 -0.0255709569
16 -2 -0.0239237554
17 -2 -0.0219444014
18 -2 -0.0198637890
19 -2 -0.0177774818
20 -2 -0.0157362281
21 -2 -0.0137727065
22 -2 -0.0119084614
23 -2 -0.0101558470
24 -2 -0.0085190374
25 -2 -0.0069949908
26 -2 -0.0055744983
27 -2 -0.0042433003
28 -2 -0.0029832417
29 -2 -0.0017734420
30 -2 -0.0005914663
31 -2 0.0000000000
-31 -1 0.0000000000
-30 -1 0.0014411852
-29 -1 0.0024885230
-28 -1 0.0036472835
-27 -1 0.0049496706
-26 -1 0.0064222732
-25 -1 0.0080843891
-24 -1 0.0099462405
-23 -1 0.0120071983
-22 -1 0.0142541676
-21 -1 0.0166603066
-20 -1 0.0191842236
-19 -1 0.0217695992
-18 -1 0.0243442184
-17 -1 0.0268135225
-16 -1 0.0290307345
-15 -1 0.0306904010
-14 -1 0.0310216778
-13 -1 0.0280758771
-12 -1 0.0174475016
-11 -1 -0.0092792553
-10 -1 -0.0650294776
-9 -1 -0.1642974543
-8 -1 -0.3149918934
-7 -1 -0.5070933502
-6 -1 -0.7055724111
-5 -1 -0.8563442075
-4 -1 -0.9064997092
-3 -1 -0.8277116268
-2 -1 -0.6268435701
-1 -1 -0.3377744136
0 -1 -0.0045630942
1 -1 0.3288269844
2 -1 0.6184221486
3 -1 0.8201334160
4 -1 0.9000343121
5 -1 0.8511995539
6 -1 0.7018851170
7 -1 0.5049240733
8 -1 0.3143258259
9 -1 0.1650496737
10 -1 0.0670544965
11 -1 0.0123838164
12 -1 -0.0134895369
13 -1 -0.0235077795
14 -1 -0.0260884386
15 -1 -0.0256247205
16 -1 -0.0240412545
17 -1 -0.0220758781
18 -1 -0.0199951924
19 -1 -0.0179043797
20 -1 -0.0158565220
21 -1 -0.0138849006
22 -1 -0.0120113146
23 -1 -0.0102483141
24 -1 -0.0086002556
25 -1 -0.0070642679
26 -1 -0.0056312982
27 -1 -0.0042872277
28 -1 -0.0030140284
29 -1 -0.0017909372
30 -1 -0.0005956321
31 -1 0.0000000000
-31 0 0.0000000000
-30 0 0.0014548791
-29 0 0.0025091220
-28 0 0.0036739265
-27 0 0.0049810994
-26 0 0.0064567928
-25 0 0.0081198429
-24 0 0.0099800102
-23 0 0.0120362389
-22 0 0.0142750837
-21 0 0.0166694728
-20 0 0.0191779467
-19 0 0.0217442976
-18 0 0.0242965172
-17 0 0.0267398342
-16 0 0.0289247362
-15 0 0.0305333872
-14 0 0.0307528047
-13 0 0.0275160751
-12 0 0.0161404863
-11 0 -0.0123265841
-10 0 -0.0716392131
-9 0 -0.1772235830
-8 0 -0.3374975149
-7 0 -0.5417965186
-6 0 -0.7528352726
-5 0 -0.9130460812
-4 0 -0.9661147615
-3 0 -0.8818957753
-2 0 -0.6677052117
-1 0 -0.3596174005
0 0 -0.0045434361
1 0 0.3507076288
2 0 0.6593166136
3 0 0.8743427882
4 0 0.9596648628
5 0 0.9079058831
6 0 0.7491409721
7 0 0.5396092628
8 0 0.3368038214
9 0 0.1779405472
10 0 0.0736238620
11 0 0.0153884425
12 0 -0.0122247447
13 0 -0.0229871013
14 0 -0.0258533513
15 0 -0.0254944363
16 0 -0.0239538143
17 0 -0.0220120865
18 0 -0.0199488296
19 0 -0.0178724766
20 0 -0.0158367265
21 0 -0.0138749309
22 0 -0.0120089242
23 0 -0.0102513518
24 0 -0.0086067296
25 0 -0.0070723967
26 0 -0.0056395482
27 0 -0.0042943392
28 0 -0.0030190331
29 0 -0.0017931687
30 0 -0.0005947318
31 0 0.0000000000
-31 1 0.0000000000
-30 1 0.0014532363
-29 1 0.0025034337
-28 1 0.0036623228
-27 1 0.0049610152
-26 1 0.0064249954
-25 1 0.0080724889
-24 1 0.0099127439
-23 1 0.0119443380
-22 1 0.0141536592
-21 1 0.0165137218
-20 1 0.0189834538
-19 1 0.0215073919
-18 1 0.0240147576
-17 1 0.0264130138
-16 1 0.0285579522
-15 1 0.0301471463
-14 1 0.0304131032
-13 1 0.0274106359
-12 1 0.0167376916
-11 1 -0.0100183686
-10 1 -0.0657799574
-9 1 -0.1650393893
-8 1 -0.3157042574
-7 1 -0.5077549735
-6 1 -0.7061630005
-5 1 -0.8568453479
-4 1 -0.9068957782
-3 1 -0.8279905611
-2 1 -0.6269974331
-1 1 -0.3377997297
0 1 -0.0044609326
1 1 0.3290511751
2 1 0.6187589340
3 1 0.8205699638
4 1 0.9005551269
5 1 0.8517873047
6 1 0.7025215004
7 1 0.5055906589
8 1 0.3150048346
9 1 0.1657246491
10 1 0.0677108434
11 1 0.0130091876
12 1 -0.0129050076
13 1 -0.0229713925
14 1 -0.0256049771
15 1 -0.0251966111
16 1 -0.0236688141
17 1 -0.0217576215
18 1 -0.0197281732
19 1 -0.0176845430
20 1 -0.0156790481
21 1 -0.0137445248
22 1 -0.0119026134
23 1 -0.0101659509
24 1 -0.0085391843
25 1 -0.0070198965
26 1 -0.0055996138
27 1 -0.0042648898
28 1 -0.0029984335
29 1 -0.0017802601
30 1 -0.0005888475
31 1 0.0000000000
-31 2 0.0000000000
-30 2 0.0014365291
-29 2 0.0024720112
-28 2 0.0036133749
-27 2 0.0048907629
-26 2 0.0063287824
-25 2 0.0079449182
-24 2 0.0097478678
-23 2 0.0117359104
-22 2 0.0138954501
-21 2 0.0161998921
-20 2 0.0186089861
-19 2 0.0210686043
-18 2 0.0235101203
-17 2 0.0258453349
-16 2 0.0279420669
-15 2 0.0295363262
-14 2 0.0299785246
-13 2 0.0276433461
-12 2 0.0188699634
-11 2 -0.0033253724
-10 2 -0.0496625648
-9 2 -0.1321599304
-8 2 -0.2573734197
-7 2 -0.4169932013
-6 2 -0.5819726753
-5 2 -0.7074651241
-4 2 -0.7495963580
-3 2 -0.6848693187
-2 2 -0.5189598985
-1 2 -0.2799396779
0 2 -0.0043196574
1 2 0.2714679136
2 2 0.5109812639
3 2 0.6776815280
4 2 0.7434529548
5 2 0.7025623713
6 2 0.5784405178
7 2 0.4148908279
8 2 0.2566895651
9 2 0.1328176712
10 2 0.0515280219
11 2 0.0062194533
12 2 -0.0151578304
13 2 -0.0233406156
14 2 -0.0253151772
15 2 -0.0247317381
16 2 -0.0231938956
17 2 -0.0213209700
18 2 -0.0193409819
19 2 -0.0173473148
20 2 -0.0153892131
21 2 -0.0134984810
22 2 -0.0116963508
23 2 -0.0099953485
24 2 -0.0084002208
25 2 -0.0069088193
26 2 -0.0055130756
27 2 -0.0042000534
28 2 -0.0029530482
29 2 -0.0017527119
30 2 -0.0005781841
31 2 0.0000000000
-31 3 0.0000000000
-30 3 0.0014054866
-29 3 0.0024161799
-28 3 0.0035290954
-27 3 0.0047731635
-26 3 0.0061719314
-25 3 0.0077420328
-24 3 0.0094915899
-23 3 0.0114186542
-22 3 0.0135098220
-21 3 0.0157391746
-20 3 0.0180676803
-19 3 0.0204430666
-18 3 0.0227995797
-17 3 0.0250546811
-16 3 0.0270917951
-15 3 0.0286968419
-14 3 0.0293735012
-13 3 0.0279125101
-12 3 0.0216173996
-11 3 0.0053636745
-10 3 -0.0287025411
-9 3 -0.0893802051
-8 3 -0.1814664837
-7 3 -0.2988767577
-6 3 -0.4203493141
-5 3 -0.5130573859
-4 3 -0.5448808907
-3 3 -0.4986040141
-2 3 -0.3783514508
-1 3 -0.2046312799
0 3 -0.0041256322
1 3 0.1965400568
2 3 0.3707312724
3 3 0.4917393137
4 3 0.5390139781
5 3 0.5083759341
6 3 0.4169777224
7 3 0.2968718930
8 3 0.1808179367
9 3 0.0900148314
10 3 0.0304927299
11 3 -0.0025888251
12 3 -0.0180589962
13 3 -0.0237879401
14 3 -0.0249027221
15 3 -0.0240898229
16 3 -0.0225378684
17 3 -0.0207143286
18 3 -0.0187989306
19 3 -0.0168711346
20 3 -0.0149761545
21 3 -0.0131444048
22 3 -0.0113965296
23 3 -0.0097448473
24 3 -0.0081941695
25 3 -0.0067426342
26 3 -0.0053826394
27 3 -0.0041018561
28 3 -0.0028842907
29 3 -0.0017113737
30 3 -0.0005630581
31 3 0.0000000000
-31 4 0.0000000000
-30 4 0.0013612473
-29 4 0.0023379530
-28 4 0.0034124805
-27 4 0.0046123405
-26 4 0.0059598668
-25 4 0.0074707536
-24 4 0.0091525348
-23 4 0.0110031061
-22 4 0.0130094184
-21 4 0.0151464860
-20 4 0.0173768457
-19 4 0.0196505142
-18 4 0.0219051042
-17 4 0.0240642124
-16 4 0.0260270554
-15 4 0.0276285023
-14 4 0.0285210065
-13 4 0.0278978665
-12 4 0.0239947272
-11 4 0.0134835165
-10 4 -0.0087208694
-9 4 -0.0483074914
-8 4 -0.1083746732
-7 4 -0.1849875418
-6 4 -0.2644047591
-5 4 -0.3254110220
-4 4 -0.3472410704
-3 4 -0.3187474539
-2 4 -0.2425574718
-1 4 -0.1318741868
0 4 -0.0038864463
1 4 0.1242523429
2 4 0.2353802129
3 4 0.3122832587
4 4 0.3417186893
5 4 0.3210076678
6 4 0.2612379479
7 4 0.1831110587
8 4 0.1077787930
9 4 0.0489232400
10 4 0.0104278036
11 4 -0.0108467811
12 4 -0.0206181776
13 4 -0.0239869514
14 4 -0.0242836850
15 4 -0.0232633675
16 4 -0.0217132492
17 4 -0.0199536308
18 4 -0.0181171558
19 4 -0.0162694653
20 4 -0.0144515785
21 4 -0.0126923367
22 4 -0.0110116548
23 4 -0.0094215555
24 4 -0.0079268783
25 4 -0.0065260565
26 4 -0.0052120030
27 4 -0.0039730768
28 4 -0.0027940999
29 4 -0.0016574032
30 4 -0.0005438830
31 4 0.0000000000
-31 5 0.0000000000
-30 5 0.0013052931
-29 5 0.0022399166
-28 5 0.0032673415
-27 5 0.0044134908
-26 5 0.0056993626
-25 5 0.0071396458
-24 5 0.0087412839
-23 5 0.0105020856
-22 5 0.0124095013
-21 5 0.0144397009
-20 5 0.0165570852
-19 5 0.0187143092
-18 5 0.0208526611
-17 5 0.0229017494
-16 5 0.0247744951
-15 5 0.0263455313
-14 5 0.0273853290
-13 5 0.0274040743
-12 5 0.0253692612
-11 5 0.0193619638
-10 5 0.0064681478
-9 5 -0.0165631140
-8 5 -0.0514984815
-7 5 -0.0960886408
-6 5 -0.1424881273
-5 5 -0.1785847945
-4 5 -0.1925156758
-3 5 -0.1778919131
-2 5 -0.1361689199
-1 5 -0.0748254793
0 5 -0.0036108152
1 5 0.0677447199
2 5 0.1295027882
3 5 0.1718907929
4 5 0.1873928916
5 5 0.1745055909
6 5 0.1395620507
7 5 0.0943657661
8 5 0.0509696058
9 5 0.0171637216
10 5 -0.0048506362
11 5 -0.0168783736
12 5 -0.0221971495
13 5 -0.0237354599
14 5 -0.0234145899
15 5 -0.0222582979
16 5 -0.0207382083
17 5 -0.0190583511
18 5 -0.0173136670
19 5 -0.0155582961
20 5 -0.0138294360
21 5 -0.0121542975
22 5 -0.0105519576
23 5 -0.0090340643
24 5 -0.0076054466
25 5 -0.0062648340
26 5 -0.0050056891
27 5 -0.0038171214
28 5 -0.0026848530
29 5 -0.0015922141
30 5 -0.0005211510
31 5 0.0000000000
-31 6 0.0000000000
-30 6 0.0012393703
-29 6 0.0021250939
-28 6 0.0030981071
-27 6 0.0041826173
-26 6 0.0053981983
-25 6 0.0067584890
-24 6 0.0082698499
-23 6 0.0099300665
-22 6 0.0117272121
-21 6 0.0136387958
-20 6 0.0156313212
-19 6 0.0176603508
-18 6 0.0196710397
-17 6 0.0215986383
-16 6 0.0233669544
-15 6 0.0248787687
-14 6 0.0259842374
-13 6 0.0264040869
-12 6 0.0255893864
-11 6 0.0225504530
-10 6 0.0158037901
-9 6 0.0037043858
-8 6 -0.0146375898
-7 6 -0.0380832459
-6 6 -0.0626703845
-5 6 -0.0822824845
-4 6 -0.0909203912
-3 6 -0.0853309805
-2 6 -0.0662007011
-1 6 -0.0372419552
0 6 -0.0033081087
1 6 0.0307555600
2 6 0.0600964051
3 6 0.0798394961
4 6 0.0862382373
5 6 0.0785618168
6 6 0.0600119637
7 6 0.0365329525
8 6 0.0141866008
9 6 -0.0031159402
10 6 -0.0142801360
11 6 -0.0202311085
12 6 -0.0226385270
13 6 -0.0229992079
14 6 -0.0223049666
15 6 -0.0210965931
16 6 -0.0196364808
17 6 -0.0180508211
18 6 -0.0164086079
19 6 -0.0147554675
20 6 -0.0131253311
21 6 -0.0115437778
22 6 -0.0100289611
23 6 -0.0085920833
24 6 -0.0072379245
25 6 -0.0059655033
26 6 -0.0047688533
27 6 -0.0036378790
28 6 -0.0025592653
29 6 -0.0015174170
30 6 -0.0004954130
31 6 0.0000000000
-31 7 0.0000000000
-30 7 0.0011654034
-29 7 0.0019967978
-28 7 0.0029096088
-27 7 0.0039262427
-26 7 0.0050647913
-25 7 0.0063378204
-24 7 0.0077511224
-23 7 0.0093025164
-22 7 0.0109807984
-21 7 0.0127649588
-20 7 0.0146237839
-19 7 0.0165159409
-18 7 0.0183905742
-17 7 0.0201882183
-16 7 0.0218411391
-15 7 0.0232704145
-14 7 0.0243735049
-13 7 0.0249919448
-12 7 0.0248509703
-11 7 0.0234854162
-10 7 0.0202178323
-9 7 0.0143073278
-8 7 0.0053573611
-7 7 -0.0061185855
-6 7 -0.0183443780
-5 7 -0.0285785891
-4 7 -0.0341235615
-3 7 -0.0334933283
-2 7 -0.0269450659
-1 7 -0.0160757488
0 7 -0.0029878829
1 7 0.0102182018
2 7 0.0214354511
3 7 0.0285416782
4 7 0.0299087018
5 7 0.0252388584
6 7 0.0159712111
7 7 0.0047533366
8 7 -0.0057232531
9 7 -0.0137289944
10 7 -0.0187908587
11 7 -0.0213375555
12 7 -0.0221324207
13 7 -0.0218649830
14 7 -0.0210022547
15 7 -0.0198114485
16 7 -0.0184354810
17 7 -0.0169551430
18 7 -0.0154234183
19 7 -0.0138799553
20 7 -0.0123558986
21 7 -0.0108752007
22 7 -0.0094550207
23 7 -0.0081060535
24 7 -0.0068329916
25 7 -0.0056351294
26 7 -0.0045070791
27 7 -0.0034395672
28 7 -0.0024202825
29 7 -0.0014347561
30 7 -0.0004672573
31 7 0.0000000000
-31 8 0.0000000000
-30 8 0.0010854070
-29 8 0.0018584803
-28 8 0.0027068652
-27 8 0.0036511203
-26 8 0.0047078288
-25 8 0.0058884793
-24 8 0.0071983176
-23 8 0.0086352444
-22 8 0.0101888534
-21 8 0.0118397165
-20 8 0.0135590243
-19 8 0.0153086769
-18 8 0.0170418819
-17 8 0.0187042092
-16 8 0.0202347585
-15 8 0.0215663633
-14 8 0.0226223312
-13 8 0.0233055827
-12 8 0.0234768823
-11 8 0.0229276580
-10 8 0.0213731142
-9 8 0.0185119266
-8 8 0.0141869584
-7 8 0.0086073413
-6 8 0.0024866072
-5 8 -0.0030742527
-4 8 -0.0069829499
-3 8 -0.0086147279
-2 8 -0.0080223151
-1 8 -0.0057800603
0 8 -0.0026594437
1 8 0.0005675386
2 8 0.0031228197
3 8 0.0042171517
4 8 0.0032480137
5 8 0.0001261303
6 8 -0.0045660765
7 8 -0.0097815128
8 8 -0.0144642203
9 8 -0.0179426663
10 8 -0.0200441788
11 8 -0.0209548533
12 8 -0.0209961745
13 8 -0.0204637172
14 8 -0.0195675744
15 8 -0.0184399990
16 8 -0.0171638517
17 8 -0.0157959967
18 8 -0.0143799840
19 8 -0.0129511580
20 8 -0.0115381853
21 8 -0.0101633857
22 8 -0.0088428652
23 8 -0.0075867584
24 8 -0.0063996341
25 8 -0.0052810422
26 8 -0.0042261699
27 8 -0.0032265752
28 8 -0.0022709714
29 8 -0.0013460447
30 8 -0.0004372884
31 8 0.0000000000
-31 9 0.0000000000
-30 9 0.0010014004
-29 9 0.0017135895
-28 9 0.0024948756
-27 9 0.0033639604
-26 9 0.0043359196
-25 9 0.0054211783
-24 9 0.0066244620
-23 9 0.0079437916
-22 9 0.0093696084
-21 9 0.0108841252
-20 9 0.0124610019
-19 9 0.0140654336
-18 9 0.0156547162
-17 9 0.0171792965
-16 9 0.0185841927
-15 9 0.0198103898
-14 9 0.0207952941
-13 9 0.0214707421
-12 9 0.0217573205
-11 9 0.0215567854
-10 9 0.0207513404
-9 9 0.0192256567
-8 9 0.0169234300
-7 9 0.0139246893
-6 9 0.0104935847
-5 9 0.0070374995
-4 9 0.0039691596
-3 9 0.0015466347
-2 9 -0.0002010156
-1 9 -0.0014219268
0 9 -0.0023314665
1 9 -0.0031464609
2 9 -0.0040891575
3 9 -0.0053907912
4 9 -0.0072246535
5 9 -0.0095943153
6 9 -0.0122794965
7 9 -0.0149078023
8 9 -0.0171120192
9 9 -0.0186654367
10 9 -0.0195204950
11 9 -0.0197592442
12 9 -0.0195148760
13 9 -0.0189146484
14 9 -0.0180579783
15 9 -0.0170178408
16 9 -0.0158494884
17 9 -0.0145975894
18 9 -0.0132998521
19 9 -0.0119882274
20 9 -0.0106890658
21 9 -0.0094230399
22 9 -0.0082051582
23 9 -0.0070449527
24 9 -0.0059468341
25 9 -0.0049105836
26 9 -0.0039319487
27 9 -0.0030033126
28 9 -0.0021144147
29 9 -0.0012531033
30 9 -0.0004061069
31 9 0.0000000000
-31 10 0.0000000000
-30 10 0.0009153313
-29 10 0.0015654400
-28 10 0.0022784349
-27 10 0.0030711844
-26 10 0.0039572833
-25 10 0.0049461218
-24 10 0.0060419347
-23 10 0.0072428923
-22 10 0.0085403099
-21 10 0.0099180618
-20 10 0.0113522890
-19 10 0.0128114809
-18 10 0.0142569912
-17 10 0.0156440181
-16 10 0.0169230145
-15 10 0.0180413879
-14 10 0.0189451602
-13 10 0.0195800565
-12 10 0.0198915484
-11 10 0.0198242887
-10 10 0.0193234931
-9 10 0.0183429999
-8 10 0.0168635058
-7 10 0.0149166925
-6 10 0.0125998623
-5 10 0.0100630239
-4 10 0.0074659063
-3 10 0.0049277939
-2 10 0.0025031290
-1 10 0.0001953458
0 10 -0.0020116899
1 10 -0.0041357169
2 10 -0.0061992633
3 10 -0.0082324791
4 10 -0.0102541486
5 10 -0.0122386434
6 10 -0.0141000387
7 10 -0.0157141937
8 10 -0.0169665239
9 10 -0.0177927135
10 10 -0.0181896491
11 10 -0.0181992336
12 10 -0.0178832365
13 10 -0.0173046037
14 10 -0.0165195015
15 10 -0.0155765400
16 10 -0.0145183510
17 10 -0.0133828408
18 10 -0.0122035517
19 10 -0.0110094725
20 10 -0.0098247158
21 10 -0.0086682979
22 10 -0.0075541013
23 10 -0.0064910233
24 10 -0.0054832861
25 10 -0.0045308747
26 10 -0.0036300728
27 10 -0.0027740690
28 10 -0.0019536129
29 10 -0.0011577024
30 10 -0.0003742909
31 10 0.0000000000
-31 11 0.0000000000
-30 11 0.0008290095
-29 11 0.0014171035
-28 11 0.0020619769
-27 11 0.0027787185
-26 11 0.0035794899
-25 11 0.0044726875
-24 11 0.0054620877
-23 11 0.0065460300
-22 11 0.0077167076
-21 11 0.0089596422
-20 11 0.0102534209
-19 11 0.0115697677
-18 11 0.0128740061
-17 11 0.0141259438
-16 11 0.0152811732
-15 11 0.0162927309
-14 11 0.0171129801
-13 11 0.0176955055
-12 11 0.0179968035
-11 11 0.0179777836
-10 11 0.0176056582
-9 11 0.0168573898
-8 11 0.0157255410
-7 11 0.0142252981
-6 11 0.0123984818
-5 11 0.0103096645
-4 11 0.0080337335
-3 11 0.0056411084
-2 11 0.0031895570
-1 11 0.0007260628
0 11 -0.0017066924
1 11 -0.0040674791
2 11 -0.0063192524
3 11 -0.0084315760
4 11 -0.0103768745
5 11 -0.0121225429
6 11 -0.0136272825
7 11 -0.0148472542
8 11 -0.0157487655
9 11 -0.0163187168
10 11 -0.0165667501
11 11 -0.0165198844
12 11 -0.0162145995
13 11 -0.0156905926
14 11 -0.0149874294
15 11 -0.0141431893
16 11 -0.0131938583
17 11 -0.0121727800
18 11 -0.0111100360
19 11 -0.0100318553
20 11 -0.0089601641
21 11 -0.0079123278
22 11 -0.0069010911
23 11 -0.0059346962
24 11 -0.0050171507
25 11 -0.0041486135
26 11 -0.0033258732
27 11 -0.0025428922
28 11 -0.0017913992
29 11 -0.0010615121
30 11 -0.0003423810
31 11 0.0000000000
-31 12 0.0000000000
-30 12 0.0007440555
-29 12 0.0012713218
-28 12 0.0018494524
-27 12 0.0024918329
-26 12 0.0032092578
-25 12 0.0040091813
-24 12 0.0048949544
-23 12 0.0058650969
-22 12 0.0069126650
-21 12 0.0080247832
-20 12 0.0091824075
-19 12 0.0103603875
-18 12 0.0115278729
-17 12 0.0126490989
-16 12 0.0136845476
-15 12 0.0145924565
-14 12 0.0153305983
-13 12 0.0158582185
-12 12 0.0161379979
-11 12 0.0161379488
-10 12 0.0158332806
-9 12 0.0152084138
-8 12 0.0142592552
-7 12 0.0129953720
-6 12 0.0114410234
-5 12 0.0096338754
-4 12 0.0076212540
-3 12 0.0054554548
-2 12 0.0031903051
-1 12 0.0008798880
0 12 -0.0014217570
1 12 -0.0036618063
2 12 -0.0057910520
3 12 -0.0077660353
4 12 -0.0095494386
5 12 -0.0111091637
6 12 -0.0124180488
7 12 -0.0134555456
8 12 -0.0142105926
9 12 -0.0146836378
10 12 -0.0148864231
11 12 -0.0148397822
12 12 -0.0145706982
13 12 -0.0141096945
14 12 -0.0134889111
15 12 -0.0127407123
16 12 -0.0118965715
17 12 -0.0109861060
18 12 -0.0100362486
19 12 -0.0090705930
20 12 -0.0081089349
21 12 -0.0071670138
22 12 -0.0062564424
23 12 -0.0053847982
24 12 -0.0045558523
25 12 -0.0037699075
26 12 -0.0030242203
27 12 -0.0023134858
28 12 -0.0016303681
29 12 -0.0009660606
30 12 -0.0003108665
31 12 0.0000000000
-31 13 0.0000000000
-30 13 0.0006618635
-29 13 0.0011304468
-28 13 0.0016442425
-27 13 0.0022150296
-26 13 0.0028523147
-25 13 0.0035626689
-24 13 0.0043490513
-23 13 0.0052101656
-22 13 0.0061398997
-21 13 0.0071269105
-20 13 0.0081544130
-19 13 0.0092002300
-18 13 0.0102371476
-17 13 0.0112336010
-16 13 0.0121546967
-15 13 0.0129635451
-14 13 0.0136228517
-13 13 0.0140966846
-12 13 0.0143523159
-11 13 0.0143620323
-10 13 0.0141048291
-9 13 0.0135679349
-8 13 0.0127481109
-7 13 0.0116525815
-6 13 0.0102993381
-5 13 0.0087165507
-4 13 0.0069410704
-3 13 0.0050163790
-2 13 0.0029905084
-1 13 0.0009142042
0 13 -0.0011608200
1 13 -0.0031838254
2 13 -0.0051071633
3 13 -0.0068881597
4 13 -0.0084903893
5 13 -0.0098843716
6 13 -0.0110480692
7 13 -0.0119674566
8 13 -0.0126370125
9 13 -0.0130597391
10 13 -0.0132464657
11 13 -0.0132145455
12 13 -0.0129862712
13 13 -0.0125872965
14 13 -0.0120451967
15 13 -0.0113881886
16 13 -0.0106439983
17 13 -0.0098388815
18 13 -0.0089968141
19 13 -0.0081388689
20 13 -0.0072827853
21 13 -0.0064427223
22 13 -0.0056291815
23 13 -0.0048490766
24 13 -0.0041059263
25 13 -0.0034001468
26 13 -0.0027294220
27 13 -0.0020891311
28 13 -0.0014728202
29 13 -0.0008727022
30 13 -0.0002801766
31 13 0.0000000000
-31 14 0.0000000000
-30 14 0.0005835787
-29 14 0.0009964039
-28 14 0.0014491097
-27 14 0.0019519783
-26 14 0.0025133186
-25 14 0.0031388824
-24 14 0.0038312707
-23 14 0.0045893675
-22 14 0.0054078479
-21 14 0.0062768118
-20 14 0.0071815954
-19 14 0.0081028114
-18 14 0.0090166536
-17 14 0.0098954920
-16 14 0.0107087606
-15 14 0.0114241187
-14 14 0.0120088436
-13 14 0.0124313856
-12 14 0.0126630022
-11 14 0.0126793721
-10 14 0.0124620914
-9 14 0.0119999605
-8 14 0.0112899774
-7 14 0.0103379526
-6 14 0.0091586570
-5 14 0.0077754405
-4 14 0.0062193241
-3 14 0.0045276687
-2 14 0.0027425705
-1 14 0.0009091092
0 14 -0.0009264944
1 14 -0.0027187746
2 14 -0.0044248758
3 14 -0.0060062130
4 14 -0.0074297982
5 14 -0.0086691911
6 14 -0.0097051136
7 14 -0.0105257704
8 14 -0.0111268578
9 14 -0.0115112178
10 14 -0.0116881327
11 14 -0.0116723326
12 14 -0.0114828323
13 14 -0.0111417080
14 14 -0.0106728916
15 14 -0.0101010344
16 14 -0.0094504763
17 14 -0.0087443512
18 14 -0.0080038500
19 14 -0.0072476541
20 14 -0.0064915404
21 14 -0.0057481507
22 14 -0.0050269107
23 14 -0.0043340806
24 14 -0.0036729157
25 14 -0.0030439171
26 14 -0.0024451526
27 14 -0.0018726326
28 14 -0.0013207243
29 14 -0.0007825949
30 14 -0.0002506735
31 14 0.0000000000
-31 15 0.0000000000
-30 15 0.0005100897
-29 15 0.0008706804
-28 15 0.0012661815
-27 15 0.0017054978
-26 15 0.0021958367
-25 15 0.0027421982
-24 15 0.0033468571
-23 15 0.0040088697
-22 15 0.0047236440
-21 15 0.0054826180
-20 15 0.0062730934
-19 15 0.0070782652
-18 15 0.0078774805
-17 15 0.0086467496
-16 15 0.0093595094
-15 15 0.0099876261
-14 15 0.0105025993
-13 15 0.0108769110
-12 15 0.0110854459
-11 15 0.0111069005
-10 15 0.0109250874
-9 15 0.0105300500
-8 15 0.0099189078
-7 15 0.0090963628
-6 15 0.0080748205
-5 15 0.0068740968
-4 15 0.0055207215
-3 15 0.0040468820
-2 15 0.0024890821
-1 15 0.0008866018
0 15 -0.0007201586
1 15 -0.0022913619
2 15 -0.0037893505
3 15 -0.0051800991
4 15 -0.0064344185
5 15 -0.0075288613
6 15 -0.0084463060
7 15 -0.0091762189
8 15 -0.0097145994
9 15 -0.0100636262
10 15 -0.0102310392
11 15 -0.0102293158
12 15 -0.0100747088
13 15 -0.0097862167
14 15 -0.0093845454
15 15 -0.0088911146
16 15 -0.0083271474
17 15 -0.0077128777
18 15 -0.0070668940
19 15 -0.0064056325
20 15 -0.0057430191
21 15 -0.0050902564
22 15 -0.0044557414
23 15 -0.0038450995
24 15 -0.0032613165
25 15 -0.0027049515
26 15 -0.0021744136
27 15 -0.0016662871
28 15 -0.0011756948
29 15 -0.0006966871
30 15 -0.0002226494
31 15 0.0000000000
-31 16 0.0000000000
-30 16 0.0004420326
-29 16 0.0007543338
-28 16 0.0010969642
-27 16 0.0014775756
-26 16 0.0019023731
-25 16 0.0023756732
-24 16 0.0028994559
-23 16 0.0034729375
-22 16 0.0040921971
-21 16 0.0047498977
-20 16 0.0054351378
-19 16 0.0061334727
-18 16 0.0068271323
-17 16 0.0074954546
-16 16 0.0081155372
-15 16 0.0086630954
-14 16 0.0091134933
-13 16 0.0094429034
-12 16 0.0096295288
-11 16 0.0096548192
-10 16 0.0095045987
-9 16 0.0091700328
-8 16 0.0086483613
-7 16 0.0079433420
-6 16 0.0070653662
-5 16 0.0060312261
-4 16 0.0048635431
-3 16 0.0035898870
-2 16 0.0022416396
-1 16 0.0008526710
0 16 -0.0005420920
1 16 -0.0019081229
2 16 -0.0032126939
3 16 -0.0044261370
4 16 -0.0055229024
5 16 -0.0064823650
6 16 -0.0072893527
7 16 -0.0079343852
8 16 -0.0084136323
9 16 -0.0087286143
10 16 -0.0088856807
11 16 -0.0088953155
12 16 -0.0087713225
13 16 -0.0085299451
14 16 -0.0081889730
15 16 -0.0077668798
16 16 -0.0072820309
17 16 -0.0067519883
18 16 -0.0061929338
19 16 -0.0056192182
20 16 -0.0050430417
21 16 -0.0044742571
22 16 -0.0039202887
23 16 -0.0033861531
24 16 -0.0028745657
25 16 -0.0023861197
26 16 -0.0019195219
27 16 -0.0014718735
28 16 -0.0010389848
29 16 -0.0006157143
30 16 -0.0001963257
31 16 0.0000000000
-31 17 0.0000000000
-30 17 0.0003798052
-29 17 0.0006480174
-28 17 0.0009423808
-27 17 0.0012694197
-26 17 0.0016344364
-25 17 0.0020411319
-24 17 0.0024912208
-23 17 0.0029840641
-22 17 0.0035163475
-21 17 0.0040818396
-20 17 0.0046712619
-19 17 0.0052723019
-18 17 0.0058697938
-17 17 0.0064460840
-16 17 0.0069815812
-15 17 0.0074554845
-14 17 0.0078466601
-13 17 0.0081346285
-12 17 0.0083006086
-11 17 0.0083285580
-10 17 0.0082061414
-9 17 0.0079255637
-8 17 0.0074842058
-7 17 0.0068850155
-6 17 0.0061366190
-5 17 0.0052531387
-4 17 0.0042537200
-3 17 0.0031617947
-2 17 0.0020041212
-1 17 0.0008096604
0 17 -0.0003916454
1 17 -0.0015701201
2 17 -0.0026975533
3 17 -0.0037482881
4 17 -0.0047001391
5 17 -0.0055350991
6 17 -0.0062398085
7 17 -0.0068057761
8 17 -0.0072293592
9 17 -0.0075115207
10 17 -0.0076573965
11 17 -0.0076757116
12 17 -0.0075780913
13 17 -0.0073783121
14 17 -0.0070915370
15 17 -0.0067335739
16 17 -0.0063201913
17 17 -0.0058665148
18 17 -0.0053865230
19 17 -0.0048926515
20 17 -0.0043955075
21 17 -0.0039036917
22 17 -0.0034237191
23 17 -0.0029600288
24 17 -0.0025150691
25 17 -0.0020894463
26 17 -0.0016821239
27 17 -0.0012906628
28 17 -0.0009114920
29 17 -0.0005402021
30 17 -0.0001718552
31 17 0.0000000000
-31 18 0.0000000000
-30 18 0.0003235891
-29 18 0.0005520185
-28 18 0.0008028267
-27 18 0.0010815339
-26 18 0.0013926373
-25 18 0.0017392882
-24 18 0.0021229634
-23 18 0.0025431516
-22 18 0.0029970790
-21 18 0.0034795002
-20 18 0.0039825852
-19 18 0.0044959256
-18 18 0.0050066835
-17 18 0.0054998954
-16 18 0.0059589338
-15 18 0.0063661193
-14 18 0.0067034600
-13 18 0.0069534853
-12 18 0.0071001312
-11 18 0.0071296228
-10 18 0.0070313002
-9 18 0.0067983310
-8 18 0.0064282587
-7 18 0.0059233453
-6 18 0.0052906785
-5 18 0.0045420298
-4 18 0.0036934679
-3 18 0.0027647453
-2 18 0.0017784942
-1 18 0.0007592809
0 18 -0.0002674283
1 18 -0.0012763239
2 18 -0.0022432767
3 18 -0.0031462675
4 18 -0.0039661774
5 18 -0.0046874014
6 18 -0.0052982611
7 18 -0.0057912087
8 18 -0.0061628236
9 18 -0.0064136213
10 18 -0.0065476968
11 18 -0.0065722392
12 18 -0.0064969526
13 18 -0.0063334232
14 18 -0.0060944700
15 18 -0.0057935122
16 18 -0.0054439821
17 18 -0.0050588058
18 18 -0.0046499657
19 18 -0.0042281552
20 18 -0.0038025266
21 18 -0.0033805304
22 18 -0.0029678402
23 18 -0.0025683534
24 18 -0.0021842583
25 18 -0.0018161563
26 18 -0.0014632290
27 18 -0.0011234420
28 18 -0.0007937753
29 18 -0.0004704762
30 18 -0.0001493259
31 18 0.0000000000
-31 19 0.0000000000
-30 19 0.0002733767
-29 19 0.0004663046
-28 19 0.0006782372
-27 19 0.0009138089
-26 19 0.0011768056
-25 19 0.0014698912
-24 19 0.0017943303
-23 19 0.0021497224
-22 19 0.0025337680
-21 19 0.0029420912
-20 19 0.0033681402
-19 19 0.0038031891
-18 19 0.0042364588
-17 19 0.0046553674
-16 19 0.0050459141
-15 19 0.0053931897
-14 19 0.0056819944
-13 19 0.0058975380
-12 19 0.0060261824
-11 19 0.0060561867
-10 19 0.0059784049
-9 19 0.0057868915
-8 19 0.0054793708
-7 19 0.0050575350
-6 19 0.0045271455
-5 19 0.0038979256
-4 19 0.0031832464
-3 19 0.0023996210
-2 19 0.0015660372
-1 19 0.0007031669
0 19 -0.0001675002
1 19 -0.0010245472
2 19 -0.0018474945
3 19 -0.0026175892
4 19 -0.0033184806
5 19 -0.0039367477
6 19 -0.0044622602
7 19 -0.0048883633
8 19 -0.0052118891
9 19 -0.0054330065
10 19 -0.0055549322
11 19 -0.0055835292
12 19 -0.0055268249
13 19 -0.0053944807
14 19 -0.0051972444
15 19 -0.0049464153
16 19 -0.0046533447
17 19 -0.0043289916
18 19 -0.0039835473
19 19 -0.0036261353
20 19 -0.0032645913
21 19 -0.0029053195
22 19 -0.0025532219
23 19 -0.0022116931
24 19 -0.0018826714
25 19 -0.0015667387
26 19 -0.0012632594
27 19 -0.0009705510
28 19 -0.0006860802
29 19 -0.0004066775
30 19 -0.0001287660
31 19 0.0000000000
-31 20 0.0000000000
-30 20 0.0002290014
-29 20 0.0003905745
-28 20 0.0005681610
-27 20 0.0007656206
-26 20 0.0009861154
-25 20 0.0012318812
-24 20 0.0015039937
-23 20 0.0018021454
-22 20 0.0021244487
-21 20 0.0024672852
-20 20 0.0028252196
-19 20 0.0031909976
-18 20 0.0035556432
-17 20 0.0039086631
-16 20 0.0042383633
-15 20 0.0045322705
-14 20 0.0047776455
-13 20 0.0049620645
-12 20 0.0050740390
-11 20 0.0051036381
-10 20 0.0050430745
-9 20 0.0048872145
-8 20 0.0046339772
-7 20 0.0042845914
-6 20 0.0038436901
-5 20 0.0033192309
-4 20 0.0027222435
-3 20 0.0020664173
-2 20 0.0013675508
-1 20 0.0006428976
0 20 -0.0000895545
1 20 -0.0008118270
2 20 -0.0015066758
3 20 -0.0021582563
4 20 -0.0027526951
5 20 -0.0032785410
6 20 -0.0037270777
7 20 -0.0040924894
8 20 -0.0043718816
9 20 -0.0045651668
10 20 -0.0046748312
11 20 -0.0047056068
12 20 -0.0046640729
13 20 -0.0045582157
14 20 -0.0043969705
15 20 -0.0041897729
16 20 -0.0039461367
17 20 -0.0036752781
18 20 -0.0033857946
19 20 -0.0030854080
20 20 -0.0027807726
21 20 -0.0024773489
22 20 -0.0021793377
23 20 -0.0018896708
24 20 -0.0016100492
25 20 -0.0013410237
26 20 -0.0010821092
27 20 -0.0008319269
28 20 -0.0005883689
29 20 -0.0003487797
30 20 -0.0001101505
31 20 0.0000000000
-31 21 0.0000000000
-30 21 0.0001901673
-29 21 0.0003243098
-28 21 0.0004718343
-27 21 0.0006359285
-26 21 0.0008192124
-25 21 0.0010235470
-24 21 0.0012498405
-23 21 0.0014978619
-22 21 0.0017660767
-21 21 0.0020515195
-20 21 0.0023497204
-19 21 0.0026547008
-18 21 0.0029590495
-17 21 0.0032540891
-16 21 0.0035301341
-15 21 0.0037768366
-14 21 0.0039836078
-13 21 0.0041400982
-12 21 0.0042367095
-11 21 0.0042651109
-10 21 0.0042187267
-9 21 0.0040931625
-8 21 0.0038865419
-7 21 0.0035997258
-6 21 0.0032363993
-5 21 0.0028030136
-4 21 0.0023085865
-3 21 0.0017643673
-2 21 0.0011833886
-1 21 0.0005799283
0 21 -0.0000310838
1 21 -0.0006346829
2 21 -0.0012164709
3 21 -0.0017631728
4 21 -0.0022631164
5 21 -0.0027066142
6 21 -0.0030862320
7 21 -0.0033969355
8 21 -0.0036361173
9 21 -0.0038035108
10 21 -0.0039010047
11 21 -0.0039323770
12 21 -0.0039029692
13 21 -0.0038193230
14 21 -0.0036888017
15 21 -0.0035192157
16 21 -0.0033184707
17 21 -0.0030942504
18 21 -0.0028537461
19 21 -0.0026034372
20 21 -0.0023489264
21 21 -0.0020948294
22 21 -0.0018447149
23 21 -0.0016010920
24 21 -0.0013654387
25 21 -0.0011382660
26 21 -0.0009192106
27 21 -0.0007071532
28 21 -0.0005003550
29 21 -0.0002966098
30 21 -0.0000934078
31 21 0.0000000000
-31 22 0.0000000000
-30 22 0.0001564782
-29 22 0.0002668232
-28 22 0.0003882508
-27 22 0.0005233703
-26 22 0.0006743326
-25 22 0.0008426732
-24 22 0.0010291517
-23 22 0.0012335982
-22 22 0.0014547771
-21 22 0.0016902807
-20 22 0.0019364670
-19 22 0.0021884532
-18 22 0.0024401760
-17 22 0.0026845249
-16 22 0.0029135504
-15 22 0.0031187453
-14 22 0.0032913885
-13 22 0.0034229362
-12 22 0.0035054426
-11 22 0.0035319831
-10 22 0.0034970571
-9 22 0.0033969405
-8 22 0.0032299670
-7 22 0.0029967137
-6 22 0.0027000792
-5 22 0.0023452429
-4 22 0.0019395079
-3 22 0.0014920330
-2 22 0.0010134699
-1 22 0.0005155257
0 22 0.0000104780
1 22 -0.0004893310
2 22 -0.0009719906
3 22 -0.0014264813
4 22 -0.0018430747
5 22 -0.0022136533
6 22 -0.0025319384
7 22 -0.0027936190
8 22 -0.0029963811
9 22 -0.0031398449
10 22 -0.0032254184
11 22 -0.0032560842
12 22 -0.0032361352
13 22 -0.0031708784
14 22 -0.0030663238
15 22 -0.0029288763
16 22 -0.0027650430
17 22 -0.0025811705
18 22 -0.0023832172
19 22 -0.0021765690
20 22 -0.0019658987
21 22 -0.0017550703
22 22 -0.0015470862
23 22 -0.0013440724
24 22 -0.0011472988
25 22 -0.0009572301
26 22 -0.0007736004
27 22 -0.0005955099
28 22 -0.0004215376
29 22 -0.0002498677
30 22 -0.0000784260
31 22 0.0000000000
-31 23 0.0000000000
-30 23 0.0001274637
-29 23 0.0002173024
-28 23 0.0003162249
-27 23 0.0004263450
-26 23 0.0005494100
-25 23 0.0006866731
-24 23 0.0008387623
-23 23 0.0010055551
-22 23 0.0011860661
-21 23 0.0013783600
-20 23 0.0015794991
-19 23 0.0017855362
-18 23 0.0019915614
-17 23 0.0021918074
-16 23 0.0023798172
-15 23 0.0025486693
-14 23 0.0026912552
-13 23 0.0028005965
-12 23 0.0028701847
-11 23 0.0028943265
-10 23 0.0028684714
-9 23 0.0027895017
-8 23 0.0026559633
-7 23 0.0024682221
-6 23 0.0022285318
-5 23 0.0019410073
-4 23 0.0016115018
-3 23 0.0012473947
-2 23 0.0008573013
-1 23 0.0004507206
0 23 0.0000376431
1 23 -0.0003718598
2 23 -0.0007680396
3 23 -0.0011418480
4 23 -0.0014852649
5 23 -0.0017915642
6 23 -0.0020555044
7 23 -0.0022734403
8 23 -0.0024433526
9 23 -0.0025648028
10 23 -0.0026388193
11 23 -0.0026677285
12 23 -0.0026549424
13 23 -0.0026047201
14 23 -0.0025219144
15 23 -0.0024117211
16 23 -0.0022794393
17 23 -0.0021302542
18 23 -0.0019690495
19 23 -0.0018002531
20 23 -0.0016277193
21 23 -0.0014546473
22 23 -0.0012835339
23 23 -0.0011161593
24 23 -0.0009536011
25 23 -0.0007962729
26 23 -0.0006439851
27 23 -0.0004960223
28 23 -0.0003512358
29 23 -0.0002081470
30 23 -0.0000650603
31 23 0.0000000000
-31 24 0.0000000000
-30 24 0.0001026009
-29 24 0.0001748473
-28 24 0.0002544450
-27 24 0.0003430844
-26 24 0.0004421666
-25 24 0.0005527003
-24 24 0.0006751970
-23 24 0.0008095688
-22 24 0.0009550384
-21 24 0.0011100682
-20 24 0.0012723165
-19 24 0.0014386312
-18 24 0.0016050848
-17 24 0.0017670578
-16 24 0.0019193712
-15 24 0.0020564650
-14 24 0.0021726198
-13 24 0.0022622094
-12 24 0.0023199735
-11 24 0.0023412944
-10 24 0.0023224608
-9 24 0.0022609020
-8 24 0.0021553762
-7 24 0.0020060991
-6 24 0.0018148019
-5 24 0.0015847141
-4 24 0.0013204700
-3 24 0.0010279415
-2 24 0.0007140093
-1 24 0.0003862827
0 24 0.0000527866
1 24 -0.0002783671
2 24 -0.0005993051
3 24 -0.0009026965
4 24 -0.0011820196
5 24 -0.0014317786
6 24 -0.0016476617
7 24 -0.0018266345
8 24 -0.0019669696
9 24 -0.0020682143
10 24 -0.0021311036
11 24 -0.0021574273
12 24 -0.0021498627
13 24 -0.0021117834
14 24 -0.0020470578
15 24 -0.0019598457
16 24 -0.0018544058
17 24 -0.0017349186
18 24 -0.0016053331
19 24 -0.0014692409
20 24 -0.0013297777
21 24 -0.0011895553
22 24 -0.0010506211
23 24 -0.0009144438
24 24 -0.0007819232
25 24 -0.0006534196
26 24 -0.0005288012
27 24 -0.0004075070
28 24 -0.0002886203
29 24 -0.0001709532
30 24 -0.0000531383
31 24 0.0000000000
-31 25 0.0000000000
-30 25 0.0000813321
-29 25 0.0001384993
-28 25 0.0002015155
-27 25 0.0002717094
-26 25 0.0003501847
-25 25 0.0004377384
-24 25 0.0005347777
-23 25 0.0006412392
-22 25 0.0007565177
-21 25 0.0008794089
-20 25 0.0010080752
-19 25 0.0011400387
-18 25 0.0012722086
-17 25 0.0014009453
-16 25 0.0015221637
-15 25 0.0016314730
-14 25 0.0017243502
-13 25 0.0017963384
-12 25 0.0018432617
-11 25 0.0018614430
-10 25 0.0018479131
-9 25 0.0018005963
-8 25 0.0017184607
-7 25 0.0016016217
-6 25 0.0014513909
-5 25 0.0012702652
-4 25 0.0010618558
-3 25 0.0008307598
-2 25 0.0005823816
-1 25 0.0003227144
0 25 0.0000580945
1 25 -0.0002050582
2 25 -0.0004604962
3 25 -0.0007023864
4 25 -0.0009255221
5 25 -0.0011254968
6 25 -0.0012988321
7 25 -0.0014430548
8 25 -0.0015567239
9 25 -0.0016394082
10 25 -0.0016916205
11 25 -0.0017147157
12 25 -0.0017107600
13 25 -0.0016823817
14 25 -0.0016326117
15 25 -0.0015647237
16 25 -0.0014820806
17 25 -0.0013879935
18 25 -0.0012855992
19 25 -0.0011777581
20 25 -0.0010669749
21 25 -0.0009553424
22 25 -0.0008445077
23 25 -0.0007356590
24 25 -0.0006295318
25 25 -0.0005264313
26 25 -0.0004262691
27 25 -0.0003286122
28 25 -0.0002327419
29 25 -0.0001377206
30 25 -0.0000424652
31 25 0.0000000000
-31 26 0.0000000000
-30 26 0.0000630775
-29 26 0.0001072627
-28 26 0.0001559878
-27 26 0.0002102713
-26 26 0.0002709598
-25 26 0.0003386660
-24 26 0.0004137034
-23 26 0.0004960250
-22 26 0.0005851675
-21 26 0.0006802074
-20 26 0.0007797342
-19 26 0.0008818443
-18 26 0.0009841619
-17 26 0.0010838876
-16 26 0.0011778770
-15 26 0.0012627477
-14 26 0.0013350119
-13 26 0.0013912289
-12 26 0.0014281693
-11 26 0.0014429832
-10 26 0.0014333608
-9 26 0.0013976761
-8 26 0.0013351035
-7 26 0.0012456983
-6 26 0.0011304366
-5 26 0.0009912081
-4 26 0.0008307638
-3 26 0.0006526189
-2 26 0.0004609173
-1 26 0.0002602642
0 26 0.0000555386
1 26 -0.0001483060
2 26 -0.0003464392
3 26 -0.0005343400
4 26 -0.0007079616
5 26 -0.0008638667
6 26 -0.0009993278
7 26 -0.0011123892
8 26 -0.0012018894
9 26 -0.0012674466
10 26 -0.0013094100
11 26 -0.0013287831
12 26 -0.0013271238
13 26 -0.0013064311
14 26 -0.0012690222
15 26 -0.0012174097
16 26 -0.0011541824
17 26 -0.0010818961
18 26 -0.0010029781
19 26 -0.0009196471
20 26 -0.0008338510
21 26 -0.0007472216
22 26 -0.0006610476
23 26 -0.0005762634
24 26 -0.0004934522
25 26 -0.0004128631
26 26 -0.0003344388
27 26 -0.0002578531
28 26 -0.0001825561
29 26 -0.0001078267
30 26 -0.0000328291
31 26 0.0000000000
-31 27 0.0000000000
-30 27 0.0000472434
-29 27 0.0000801183
-28 27 0.0001163801
-27 27 0.0001567780
-26 27 0.0002019347
-25 27 0.0002523000
-24 27 0.0003081032
-23 27 0.0003693071
-22 27 0.0004355671
-21 27 0.0005061985
-20 27 0.0005801565
-19 27 0.0006560324
-18 27 0.0007320681
-17 27 0.0008061923
-16 27 0.0008760781
-15 27 0.0009392224
-14 27 0.0009930428
-13 27 0.0010349904
-12 27 0.0010626713
-11 27 0.0010739699
-10 27 0.0010671684
-9 27 0.0010410524
-8 27 0.0009949979
-7 27 0.0009290312
-6 27 0.0008438588
-5 27 0.0007408632
-4 27 0.0006220652
-3 27 0.0004900527
-2 27 0.0003478818
-1 27 0.0001989541
0 27 0.0000468778
1 27 -0.0001046781
2 27 -0.0002521306
3 27 -0.0003921204
4 27 -0.0005216343
5 27 -0.0006381058
6 27 -0.0007394907
7 27 -0.0008243136
8 27 -0.0008916862
9 27 -0.0009412978
10 27 -0.0009733800
11 27 -0.0009886514
12 27 -0.0009882448
13 27 -0.0009736231
14 27 -0.0009464899
15 27 -0.0009086975
16 27 -0.0008621593
17 27 -0.0008087684
18 27 -0.0007503262
19 27 -0.0006884825
20 27 -0.0006246883
21 27 -0.0005601622
22 27 -0.0004958688
23 27 -0.0004325100
24 27 -0.0003705271
25 27 -0.0003101124
26 27 -0.0002512295
27 27 -0.0001936415
28 27 -0.0001369440
29 27 -0.0000806044
30 27 -0.0000240043
31 27 0.0000000000
-31 28 0.0000000000
-30 28 0.0000332260
-29 28 0.0000560302
-28 28 0.0000811873
-27 28 0.0001092085
-26 28 0.0001405177
-25 28 0.0001754193
-24 28 0.0002140655
-23 28 0.0002564251
-22 28 0.0003022549
-21 28 0.0003510780
-20 28 0.0004021701
-19 28 0.0004545571
-18 28 0.0005070253
-17 28 0.0005581467
-16 28 0.0006063187
-15 28 0.0006498185
-14 28 0.0006868701
-13 28 0.0007157214
-12 28 0.0007347278
-11 28 0.0007424366
-10 28 0.0007376685
-9 28 0.0007195907
-8 28 0.0006877756
-7 28 0.0006422425
-6 28 0.0005834774
-5 28 0.0005124308
-4 28 0.0004304910
-3 28 0.0003394365
-2 28 0.0002413673
-1 28 0.0001386214
0 28 0.0000336796
1 28 -0.0000709345
2 28 -0.0001727552
3 28 -0.0002694690
4 28 -0.0003589988
5 28 -0.0004395732
6 28 -0.0005097786
7 28 -0.0005685913
8 28 -0.0006153909
9 28 -0.0006499535
10 28 -0.0006724287
11 28 -0.0006833013
12 28 -0.0006833421
13 28 -0.0006735504
14 28 -0.0006550921
15 28 -0.0006292376
16 28 -0.0005973006
17 28 -0.0005605826
18 28 -0.0005203234
19 28 -0.0004776596
20 28 -0.0004335921
21 28 -0.0003889621
22 28 -0.0003444366
23 28 -0.0003005018
24 28 -0.0002574641
25 28 -0.0002154581
26 28 -0.0001744608
27 28 -0.0001343103
28 28 -0.0000947296
29 28 -0.0000553526
30 28 -0.0000157546
31 28 0.0000000000
-31 29 0.0000000000
-30 29 0.0000204125
-29 29 0.0000339469
-28 29 0.0000488829
-27 29 0.0000655156
-26 29 0.0000840879
-25 29 0.0001047717
-24 29 0.0001276482
-23 29 0.0001526905
-22 29 0.0001797463
-21 29 0.0002085265
-20 29 0.0002385967
-19 29 0.0002693770
-18 29 0.0003001484
-17 29 0.0003300677
-16 29 0.0003581919
-15 29 0.0003835101
-14 29 0.0004049830
-13 29 0.0004215884
-12 29 0.0004323697
-11 29 0.0004364856
-10 29 0.0004332568
-9 29 0.0004222088
-8 29 0.0004031053
-7 29 0.0003759719
-6 29 0.0003411070
-5 29 0.0002990799
-4 29 0.0002507146
-3 29 0.0001970611
-2 29 0.0001393552
-1 29 0.0000789696
0 29 0.0000173577
1 29 -0.0000440046
2 29 -0.0001036770
3 29 -0.0001603104
4 29 -0.0002126955
5 29 -0.0002598023
6 29 -0.0003008110
7 29 -0.0003351296
8 29 -0.0003624019
9 29 -0.0003825029
10 29 -0.0003955252
11 29 -0.0004017566
12 29 -0.0004016509
13 29 -0.0003957949
14 29 -0.0003848715
15 29 -0.0003696239
16 29 -0.0003508201
17 29 -0.0003292201
18 29 -0.0003055472
19 29 -0.0002804640
20 29 -0.0002545534
21 29 -0.0002283048
22 29 -0.0002021052
23 29 -0.0001762359
24 29 -0.0001508732
25 29 -0.0001260930
26 29 -0.0001018789
27 29 -0.0000781341
28 29 -0.0000546944
29 29 -0.0000313447
30 29 -0.0000078362
31 29 0.0000000000
-31 30 0.0000000000
-30 30 0.0000081786
-29 30 0.0000127983
-28 30 0.0000179150
-27 30 0.0000236213
-26 30 0.0000299904
-25 30 0.0000370699
-24 30 0.0000448755
-23 30 0.0000533852
-22 30 0.0000625344
-21 30 0.0000722118
-20 30 0.0000822582
-19 30 0.0000924664
-18 30 0.0001025847
-17 30 0.0001123227
-16 30 0.0001213602
-15 30 0.0001293584
-14 30 0.0001359740
-13 30 0.0001408744
-12 30 0.0001437539
-11 30 0.0001443503
-10 30 0.0001424596
-9 30 0.0001379492
-8 30 0.0001307684
-7 30 0.0001209546
-6 30 0.0001086354
-5 30 0.0000940270
-4 30 0.0000774269
-3 30 0.0000592035
-2 30 0.0000397816
-1 30 0.0000196256
0 30 -0.0000007796
1 30 -0.0000209479
2 30 -0.0000404110
3 30 -0.0000587361
4 30 -0.0000755411
5 30 -0.0000905067
6 30 -0.0001033854
7 30 -0.0001140062
8 30 -0.0001222759
9 30 -0.0001281766
10 30 -0.0001317602
11 30 -0.0001331403
12 30 -0.0001324820
13 30 -0.0001299905
14 30 -0.0001258991
15 30 -0.0001204572
16 30 -0.0001139187
17 30 -0.0001065321
18 30 -0.0000985306
19 30 -0.0000901255
20 30 -0.0000815000
21 30 -0.0000728053
22 30 -0.0000641582
23 30 -0.0000556407
24 30 -0.0000473000
25 30 -0.0000391511
26 30 -0.0000311797
27 30 -0.0000233461
28 30 -0.0000155901
29 30 -0.0000078362
30 30 -0.0000000000
31 30 0.0000000000
-31 31 0.0000000000
-30 31 0.0000000000
-29 31 0.0000000000
-28 31 0.0000000000
-27 31 0.0000000000
-26 31 0.0000000000
-25 31 0.0000000000
-24 31 0.0000000000
-23 31 0.0000000000
-22 31 0.0000000000
-21 31 0.0000000000
-20 31 0.0000000000
-19 31 0.0000000000
-18 31 0.0000000000
-17 31 0.0000000000
-16 31 0.0000000000
-15 31 0.0000000000
-14 31 0.0000000000
-13 31 0.0000000000
-12 31 0.0000000000
-11 31 0.0000000000
-10 31 0.0000000000
-9 31 0.0000000000
-8 31 0.0000000000
-7 31 0.0000000000
-6 31 0.0000000000
-5 31 0.0000000000
-4 31 0.0000000000
-3 31 0.0000000000
-2 31 0.0000000000
-1 31 0.0000000000
0 31 0.0000000000
1 31 0.0000000000
2 31 0.0000000000
3 31 0.0000000000
4 31 0.0000000000
5 31 0.0000000000
6 31 0.0000000000
7 31 0.0000000000
8 31 0.0000000000
9 31 0.0000000000
10 31 0.0000000000
11 31 0.0000000000
12 31 0.0000000000
13 31 0.0000000000
14 31 0.0000000000
15 31 0.0000000000
16 31 0.0000000000
17 31 0.0000000000
18 31 0.0000000000
19 31 0.0000000000
20 31 0.0000000000
21 31 0.0000000000
22 31 0.0000000000
23 31 0.0000000000
24 31 0.0000000000
25 31 0.0000000000
26 31 0.0000000000
27 31 0.0000000000
28 31 0.0000000000
29 31 0.0000000000
30 31 0.0000000000
31 31 0.0000000000
