-31 -31 0.0000000000
-30 -31 0.0000000000
-29 -31 0.0000000000
-28 -31 0.0000000000
-27 -31 0.0000000000
-26 -31 0.0000000000
-25 -31 0.0000000000
-24 -31 0.0000000000
-23 -31 0.0000000000
-22 -31 0.0000000000
-21 -31 0.0000000000
-20 -31 0.0000000000
-19 -31 0.0000000000
-18 -31 0.0000000000
-17 -31 0.0000000000
-16 -31 0.0000000000
-15 -31 0.0000000000
-14 -31 0.0000000000
-13 -31 0.0000000000
-12 -31 0.0000000000
-11 -31 0.0000000000
-10 -31 0.0000000000
-9 -31 0.0000000000
-8 -31 0.0000000000
-7 -31 0.0000000000
-6 -31 0.0000000000
-5 -31 0.0000000000
-4 -31 0.0000000000
-3 -31 0.0000000000
-2 -31 0.0000000000
-1 -31 0.0000000000
0 -31 0.0000000000
1 -31 0.0000000000
2 -31 0.0000000000
3 -31 0.0000000000
4 -31 0.0000000000
5 -31 0.0000000000
6 -31 0.0000000000
7 -31 0.0000000000
8 -31 0.0000000000
9 -31 0.0000000000
10 -31 0.0000000000
11 -31 0.0000000000
12 -31 0.0000000000
13 -31 0.0000000000
14 -31 0.0000000000
15 -31 0.0000000000
16 -31 0.0000000000
17 -31 0.0000000000
18 -31 0.0000000000
19 -31 0.0000000000
20 -31 0.0000000000
21 -31 0.0000000000
22 -31 0.0000000000
23 -31 0.0000000000
24 -31 0.0000000000
25 -31 0.0000000000
26 -31 0.0000000000
27 -31 0.0000000000
28 -31 0.0000000000
29 -31 0.0000000000
30 -31 0.0000000000
31 -31 0.0000000000
-31 -30 0.0000000000
-30 -30 0.0000184854
-29 -30 0.0000320384
-28 -30 0.0000451693
-27 -30 0.0000577424
-26 -30 0.0000696290
-25 -30 0.0000807076
-24 -30 0.0000908663
-23 -30 0.0001000026
-22 -30 0.0001080256
-21 -30 0.0001148560
-20 -30 0.0001204275
-19 -30 0.0001246870
-18 -30 0.0001275952
-17 -30 0.0001291270
-16 -30 0.0001292719
-15 -30 0.0001280336
-14 -30 0.0001254304
-13 -30 0.0001214946
-12 -30 0.0001162722
-11 -30 0.0001098225
-10 -30 0.0001022171
-9 -30 0.0000935396
-8 -30 0.0000838842
-7 -30 0.0000733549
-6 -30 0.0000620644
-5 -30 0.0000501327
-4 -30 0.0000376858
-3 -30 0.0000248546
-2 -30 0.0000117733
-1 -30 -0.0000014221
0 -30 -0.0000145950
1 -30 -0.0000276098
2 -30 -0.0000403332
3 -30 -0.0000526359
4 -30 -0.0000643933
5 -30 -0.0000754874
6 -30 -0.0000858076
7 -30 -0.0000952520
8 -30 -0.0001037281
9 -30 -0.0001111540
10 -30 -0.0001174591
11 -30 -0.0001225845
12 -30 -0.0001264838
13 -30 -0.0001291233
14 -30 -0.0001304822
15 -30 -0.0001305530
16 -30 -0.0001293410
17 -30 -0.0001268647
18 -30 -0.0001231550
19 -30 -0.0001182550
20 -30 -0.0001122196
21 -30 -0.0001051147
22 -30 -0.0000970164
23 -30 -0.0000880103
24 -30 -0.0000781905
25 -30 -0.0000676587
26 -30 -0.0000565228
27 -30 -0.0000448965
28 -30 -0.0000328973
29 -30 -0.0000206458
30 -30 -0.0000082643
31 -30 0.0000000000
-31 -29 0.0000000000
-30 -29 0.0000321920
-29 -29 0.0000546388
-28 -29 0.0000763696
-27 -29 0.0000971603
-26 -29 0.0001167976
-25 -29 0.0001350814
-24 -29 0.0001518266
-23 -29 0.0001668647
-22 -29 0.0001800459
-21 -29 0.0001912403
-20 -29 0.0002003390
-19 -29 0.0002072555
-18 -29 0.0002119264
-17 -29 0.0002143117
-16 -29 0.0002143953
-15 -29 0.0002121853
-14 -29 0.0002077135
-13 -29 0.0002010350
-12 -29 0.0001922278
-11 -29 0.0001813916
-10 -29 0.0001686468
-9 -29 0.0001541331
-8 -29 0.0001380082
-7 -29 0.0001204456
-6 -29 0.0001016331
-5 -29 0.0000817706
-4 -29 0.0000610678
-3 -29 0.0000397424
-2 -29 0.0000180171
-1 -29 -0.0000038820
0 -29 -0.0000257284
1 -29 -0.0000472973
2 -29 -0.0000683681
3 -29 -0.0000887264
4 -29 -0.0001081664
5 -29 -0.0001264930
6 -29 -0.0001435236
7 -29 -0.0001590900
8 -29 -0.0001730401
9 -29 -0.0001852392
10 -29 -0.0001955712
11 -29 -0.0002039399
12 -29 -0.0002102697
13 -29 -0.0002145060
14 -29 -0.0002166160
15 -29 -0.0002165885
16 -29 -0.0002144339
17 -29 -0.0002101841
18 -29 -0.0002038920
19 -29 -0.0001956303
20 -29 -0.0001854914
21 -29 -0.0001735858
22 -29 -0.0001600409
23 -29 -0.0001449997
24 -29 -0.0001286192
25 -29 -0.0001110690
26 -29 -0.0000925290
27 -29 -0.0000731880
28 -29 -0.0000532416
29 -29 -0.0000328901
30 -29 -0.0000123367
31 -29 0.0000000000
-31 -28 0.0000000000
-30 -28 0.0000457412
-29 -28 0.0000769759
-28 -28 0.0001072040
-27 -28 0.0001361139
-26 -28 0.0001634089
-25 -28 0.0001888110
-24 -28 0.0002120628
-23 -28 0.0002329307
-22 -28 0.0002512066
-21 -28 0.0002667105
-20 -28 0.0002792918
-19 -28 0.0002888310
-18 -28 0.0002952404
-17 -28 0.0002984657
-16 -28 0.0002984854
-15 -28 0.0002953117
-14 -28 0.0002889899
-13 -28 0.0002795977
-12 -28 0.0002672447
-11 -28 0.0002520707
-10 -28 0.0002342441
-9 -28 0.0002139604
-8 -28 0.0001914398
-7 -28 0.0001669246
-6 -28 0.0001406768
-5 -28 0.0001129753
-4 -28 0.0000841126
-3 -28 0.0000543919
-2 -28 0.0000241239
-1 -28 -0.0000063768
0 -28 -0.0000367947
1 -28 -0.0000668169
2 -28 -0.0000961363
3 -28 -0.0001244546
4 -28 -0.0001514858
5 -28 -0.0001769585
6 -28 -0.0002006190
7 -28 -0.0002222337
8 -28 -0.0002415915
9 -28 -0.0002585054
10 -28 -0.0002728148
11 -28 -0.0002843863
12 -28 -0.0002931155
13 -28 -0.0002989273
14 -28 -0.0003017768
15 -28 -0.0003016494
16 -28 -0.0002985604
17 -28 -0.0002925552
18 -28 -0.0002837080
19 -28 -0.0002721212
20 -28 -0.0002579241
21 -28 -0.0002412713
22 -28 -0.0002223409
23 -28 -0.0002013327
24 -28 -0.0001784660
25 -28 -0.0001539772
26 -28 -0.0001281175
27 -28 -0.0001011500
28 -28 -0.0000733475
29 -28 -0.0000449890
30 -28 -0.0000163577
31 -28 0.0000000000
-31 -27 0.0000000000
-30 -27 0.0000591035
-29 -27 0.0000990013
-28 -27 0.0001376057
-27 -27 0.0001745187
-26 -27 0.0002093616
-25 -27 0.0002417794
-24 -27 0.0002714437
-23 -27 0.0002980563
-22 -27 0.0003213521
-21 -27 0.0003411016
-20 -27 0.0003571129
-19 -27 0.0003692340
-18 -27 0.0003773538
-17 -27 0.0003814033
-16 -27 0.0003813560
-15 -27 0.0003772281
-14 -27 0.0003690784
-13 -27 0.0003570070
-12 -27 0.0003411545
-11 -27 0.0003217001
-10 -27 0.0002988600
-9 -27 0.0002728845
-8 -27 0.0002440554
-7 -27 0.0002126829
-6 -27 0.0001791023
-5 -27 0.0001436703
-4 -27 0.0001067611
-3 -27 0.0000687623
-2 -27 0.0000300709
-1 -27 -0.0000089107
0 -27 -0.0000477795
1 -27 -0.0000861357
2 -27 -0.0001235870
3 -27 -0.0001597524
4 -27 -0.0001942667
5 -27 -0.0002267833
6 -27 -0.0002569787
7 -27 -0.0002845546
8 -27 -0.0003092417
9 -27 -0.0003308017
10 -27 -0.0003490297
11 -27 -0.0003637561
12 -27 -0.0003748479
13 -27 -0.0003822099
14 -27 -0.0003857854
15 -27 -0.0003855561
16 -27 -0.0003815426
17 -27 -0.0003738031
18 -27 -0.0003624334
19 -27 -0.0003475649
20 -27 -0.0003293633
21 -27 -0.0003080267
22 -27 -0.0002837832
23 -27 -0.0002568888
24 -27 -0.0002276239
25 -27 -0.0001962911
26 -27 -0.0001632118
27 -27 -0.0001287224
28 -27 -0.0000931716
29 -27 -0.0000569163
30 -27 -0.0000203185
31 -27 0.0000000000
-31 -26 0.0000000000
-30 -26 0.0000722500
-29 -26 0.0001206670
-28 -26 0.0001675083
-27 -26 0.0002122907
-26 -26 0.0002545551
-25 -26 0.0002938705
-24 -26 0.0003298389
-23 -26 0.0003620985
-22 -26 0.0003903281
-21 -26 0.0004142495
-20 -26 0.0004336304
-19 -26 0.0004482868
-18 -26 0.0004580844
-17 -26 0.0004629402
-16 -26 0.0004628225
-15 -26 0.0004577518
-14 -26 0.0004477999
-13 -26 0.0004330890
-12 -26 0.0004137903
-11 -26 0.0003901222
-10 -26 0.0003623474
-9 -26 0.0003307702
-8 -26 0.0002957332
-7 -26 0.0002576135
-6 -26 0.0002168184
-5 -26 0.0001737811
-4 -26 0.0001289560
-3 -26 0.0000828140
-2 -26 0.0000358371
-1 -26 -0.0000114864
0 -26 -0.0000586671
1 -26 -0.0001052198
2 -26 -0.0001506684
3 -26 -0.0001945507
4 -26 -0.0002364235
5 -26 -0.0002758665
6 -26 -0.0003124870
7 -26 -0.0003459236
8 -26 -0.0003758497
9 -26 -0.0004019764
10 -26 -0.0004240555
11 -26 -0.0004418816
12 -26 -0.0004552937
13 -26 -0.0004641769
14 -26 -0.0004684627
15 -26 -0.0004681295
16 -26 -0.0004632027
17 -26 -0.0004537537
18 -26 -0.0004398992
19 -26 -0.0004217990
20 -26 -0.0003996550
21 -26 -0.0003737079
22 -26 -0.0003442352
23 -26 -0.0003115477
24 -26 -0.0002759865
25 -26 -0.0002379191
26 -26 -0.0001977357
27 -26 -0.0001558452
28 -26 -0.0001126708
29 -26 -0.0000686461
30 -26 -0.0000242104
31 -26 0.0000000000
-31 -25 0.0000000000
-30 -25 0.0000851517
-29 -25 0.0001419251
-28 -25 0.0001968456
-27 -25 0.0002493464
-26 -25 0.0002988893
-25 -25 0.0003449689
-24 -25 0.0003871187
-23 -25 0.0004249150
-22 -25 0.0004579811
-21 -25 0.0004859913
-20 -25 0.0005086736
-19 -25 0.0005258127
-18 -25 0.0005372517
-17 -25 0.0005428936
-16 -25 0.0005427020
-15 -25 0.0005367014
-14 -25 0.0005249766
-13 -25 0.0005076715
-12 -25 0.0004849874
-11 -25 0.0004571809
-10 -25 0.0004245607
-9 -25 0.0003874841
-8 -25 0.0003463535
-7 -25 0.0003016112
-6 -25 0.0002537355
-5 -25 0.0002032346
-4 -25 0.0001506417
-3 -25 0.0000965093
-2 -25 0.0000414028
-1 -25 -0.0000141050
0 -25 -0.0000694403
1 -25 -0.0001240339
2 -25 -0.0001773275
3 -25 -0.0002287793
4 -25 -0.0002778696
5 -25 -0.0003241057
6 -25 -0.0003670274
7 -25 -0.0004062111
8 -25 -0.0004412739
9 -25 -0.0004718776
10 -25 -0.0004977315
11 -25 -0.0005185949
12 -25 -0.0005342796
13 -25 -0.0005446511
14 -25 -0.0005496296
15 -25 -0.0005491903
16 -25 -0.0005433633
17 -25 -0.0005322330
18 -25 -0.0005159363
19 -25 -0.0004946615
20 -25 -0.0004686455
21 -25 -0.0004381711
22 -25 -0.0004035642
23 -25 -0.0003651895
24 -25 -0.0003234475
25 -25 -0.0002787695
26 -25 -0.0002316133
27 -25 -0.0001824586
28 -25 -0.0001318022
29 -25 -0.0000801525
30 -25 -0.0000280248
31 -25 0.0000000000
-31 -24 0.0000000000
-30 -24 0.0000977797
-29 -24 0.0001627282
-28 -24 0.0002255519
-27 -24 0.0002856027
-26 -24 0.0003422646
-25 -24 0.0003949598
-24 -24 0.0004431546
-23 -24 0.0004863644
-22 -24 0.0005241588
-21 -24 0.0005561653
-20 -24 0.0005820732
-19 -24 0.0006016367
-18 -24 0.0006146766
-17 -24 0.0006210825
-16 -24 0.0006208134
-15 -24 0.0006138977
-14 -24 0.0006004329
-13 -24 0.0005805843
-12 -24 0.0005545828
-11 -24 0.0005227224
-10 -24 0.0004853568
-9 -24 0.0004428952
-8 -24 0.0003957983
-7 -24 0.0003445728
-6 -24 0.0002897660
-5 -24 0.0002319598
-4 -24 0.0001717646
-3 -24 0.0001098124
-2 -24 0.0000467503
-1 -24 -0.0000167661
0 -24 -0.0000800802
1 -24 -0.0001425411
2 -24 -0.0002035098
3 -24 -0.0002623668
4 -24 -0.0003185172
5 -24 -0.0003713980
6 -24 -0.0004204825
7 -24 -0.0004652865
8 -24 -0.0005053723
9 -24 -0.0005403530
10 -24 -0.0005698965
11 -24 -0.0005937278
12 -24 -0.0006116319
13 -24 -0.0006234553
14 -24 -0.0006291072
15 -24 -0.0006285595
16 -24 -0.0006218471
17 -24 -0.0006090670
18 -24 -0.0005903763
19 -24 -0.0005659906
20 -24 -0.0005361816
21 -24 -0.0005012731
22 -24 -0.0004616382
23 -24 -0.0004176949
24 -24 -0.0003699013
25 -24 -0.0003187512
26 -24 -0.0002647689
27 -24 -0.0002085033
28 -24 -0.0001505229
29 -24 -0.0000914097
30 -24 -0.0000317531
31 -24 0.0000000000
-31 -23 0.0000000000
-30 -23 0.0001101054
-29 -23 0.0001830288
-28 -23 0.0002535620
-27 -23 0.0003209771
-26 -23 0.0003845824
-25 -23 0.0004437293
-24 -23 0.0004978187
-23 -23 0.0005463067
-22 -23 0.0005887101
-21 -23 0.0006246112
-20 -23 0.0006536615
-19 -23 0.0006755853
-18 -23 0.0006901819
-17 -23 0.0006973278
-16 -23 0.0006969774
-15 -23 0.0006891632
-14 -23 0.0006739952
-13 -23 0.0006516596
-12 -23 0.0006224160
-11 -23 0.0005865952
-10 -23 0.0005445946
-9 -23 0.0004968744
-8 -23 0.0004439522
-7 -23 0.0003863974
-6 -23 0.0003248248
-5 -23 0.0002598882
-4 -23 0.0001922730
-3 -23 0.0001226893
-2 -23 0.0000518639
-1 -23 -0.0000194671
0 -23 -0.0000905664
1 -23 -0.0001607029
2 -23 -0.0002291595
3 -23 -0.0002952401
4 -23 -0.0003582774
5 -23 -0.0004176390
6 -23 -0.0004727340
7 -23 -0.0005230187
8 -23 -0.0005680019
9 -23 -0.0006072496
10 -23 -0.0006403890
11 -23 -0.0006671118
12 -23 -0.0006871770
13 -23 -0.0007004124
14 -23 -0.0007067165
15 -23 -0.0007060582
16 -23 -0.0006984771
17 -23 -0.0006840823
18 -23 -0.0006630508
19 -23 -0.0006356251
20 -23 -0.0006021103
21 -23 -0.0005628708
22 -23 -0.0005183257
23 -23 -0.0004689445
24 -23 -0.0004152422
25 -23 -0.0003577735
26 -23 -0.0002971272
27 -23 -0.0002339200
28 -23 -0.0001687904
29 -23 -0.0001023919
30 -23 -0.0000353868
31 -23 0.0000000000
-31 -22 0.0000000000
-30 -22 0.0001221003
-29 -22 0.0002027802
-28 -22 0.0002808112
-27 -22 0.0003553878
-26 -22 0.0004257448
-25 -22 0.0004911646
-24 -22 0.0005509844
-23 -22 0.0006046028
-22 -22 0.0006514855
-21 -22 0.0006911704
-20 -22 0.0007232724
-19 -22 0.0007474869
-18 -22 0.0007635922
-17 -22 0.0007714522
-16 -22 0.0007710170
-15 -22 0.0007623230
-14 -22 0.0007454924
-13 -22 0.0007207317
-12 -22 0.0006883288
-11 -22 0.0006486500
-10 -22 0.0006021357
-9 -22 0.0005492955
-8 -22 0.0004907023
-7 -22 0.0004269866
-6 -22 0.0003588290
-5 -22 0.0002869531
-4 -22 0.0002121177
-3 -22 0.0001351085
-2 -22 0.0000567298
-1 -22 -0.0000222038
0 -22 -0.0001008765
1 -22 -0.0001784794
2 -22 -0.0002542189
3 -22 -0.0003273253
4 -22 -0.0003970600
5 -22 -0.0004627237
6 -22 -0.0005236627
7 -22 -0.0005792757
8 -22 -0.0006290194
9 -22 -0.0006724140
10 -22 -0.0007090473
11 -22 -0.0007385785
12 -22 -0.0007607411
13 -22 -0.0007753453
14 -22 -0.0007822789
15 -22 -0.0007815079
16 -22 -0.0007730766
17 -22 -0.0007571059
18 -22 -0.0007337922
19 -22 -0.0007034041
20 -22 -0.0006662796
21 -22 -0.0006228220
22 -22 -0.0005734956
23 -22 -0.0005188201
24 -22 -0.0004593656
25 -22 -0.0003957461
26 -22 -0.0003286133
27 -22 -0.0002586498
28 -22 -0.0001865622
29 -22 -0.0001130738
30 -22 -0.0000389174
31 -22 0.0000000000
-31 -21 0.0000000000
-30 -21 0.0001337364
-29 -21 0.0002219360
-28 -21 0.0003072353
-27 -21 0.0003887538
-26 -21 0.0004656548
-25 -21 0.0005371539
-24 -21 0.0006025267
-23 -21 0.0006611158
-22 -21 0.0007123372
-21 -21 0.0007556862
-20 -21 0.0007907422
-19 -21 0.0008171722
-18 -21 0.0008347348
-17 -21 0.0008432814
-16 -21 0.0008427579
-15 -21 0.0008332047
-14 -21 0.0008147561
-13 -21 0.0007876380
-12 -21 0.0007521660
-11 -21 0.0007087409
-10 -21 0.0006578447
-9 -21 0.0006000348
-8 -21 0.0005359384
-7 -21 0.0004662448
-6 -21 0.0003916985
-5 -21 0.0003130909
-4 -21 0.0002312519
-3 -21 0.0001470405
-2 -21 0.0000613364
-1 -21 -0.0000249699
0 -21 -0.0001109864
1 -21 -0.0001958287
2 -21 -0.0002786294
3 -21 -0.0003585468
4 -21 -0.0004347739
5 -21 -0.0005065460
6 -21 -0.0005731488
7 -21 -0.0006339251
8 -21 -0.0006882812
9 -21 -0.0007356929
10 -21 -0.0007757097
11 -21 -0.0008079595
12 -21 -0.0008321512
13 -21 -0.0008480776
14 -21 -0.0008556164
15 -21 -0.0008547310
16 -21 -0.0008454699
17 -21 -0.0008279659
18 -21 -0.0008024338
19 -21 -0.0007691679
20 -21 -0.0007285380
21 -21 -0.0006809854
22 -21 -0.0006270178
23 -21 -0.0005672040
24 -21 -0.0005021673
25 -21 -0.0004325793
26 -21 -0.0003591529
27 -21 -0.0002826344
28 -21 -0.0002037965
29 -21 -0.0001234301
30 -21 -0.0000423365
31 -21 0.0000000000
-31 -20 0.0000000000
-30 -20 0.0001449857
-29 -20 0.0002404502
-28 -20 0.0003327711
-27 -20 0.0004209953
-26 -20 0.0005042170
-25 -20 0.0005815874
-24 -20 0.0006523223
-23 -20 0.0007157103
-22 -20 0.0007711197
-21 -20 0.0008180044
-20 -20 0.0008559093
-19 -20 0.0008844749
-18 -20 0.0009034398
-17 -20 0.0009126438
-16 -20 0.0009120290
-15 -20 0.0009016395
-14 -20 0.0008816211
-13 -20 0.0008522192
-12 -20 0.0008137756
-11 -20 0.0007667249
-10 -20 0.0007115891
-9 -20 0.0006489722
-8 -20 0.0005795533
-7 -20 0.0005040791
-6 -20 0.0004233558
-5 -20 0.0003382404
-4 -20 0.0002496311
-3 -20 0.0001584583
-2 -20 0.0000656742
-1 -20 -0.0000277572
0 -20 -0.0001208703
1 -20 -0.0002127078
2 -20 -0.0003023308
3 -20 -0.0003888284
4 -20 -0.0004713271
5 -20 -0.0005489994
6 -20 -0.0006210723
7 -20 -0.0006868346
8 -20 -0.0007456440
9 -20 -0.0007969333
10 -20 -0.0008402152
11 -20 -0.0008750872
12 -20 -0.0009012348
13 -20 -0.0009184338
14 -20 -0.0009265522
15 -20 -0.0009255508
16 -20 -0.0009154824
17 -20 -0.0008964913
18 -20 -0.0008688103
19 -20 -0.0008327582
20 -20 -0.0007887357
21 -20 -0.0007372208
22 -20 -0.0006787635
23 -20 -0.0006139796
24 -20 -0.0005435442
25 -20 -0.0004681846
26 -20 -0.0003886724
27 -20 -0.0003058159
28 -20 -0.0002204516
29 -20 -0.0001334358
30 -20 -0.0000456357
31 -20 0.0000000000
-31 -19 0.0000000000
-30 -19 0.0001558209
-29 -19 0.0002582778
-28 -19 0.0003573565
-27 -19 0.0004520337
-26 -19 0.0005413375
-25 -19 0.0006243567
-24 -19 0.0007002499
-23 -19 0.0007682536
-22 -19 0.0008276900
-21 -19 0.0008779735
-20 -19 0.0009186159
-19 -19 0.0009492315
-18 -19 0.0009695405
-17 -19 0.0009793715
-16 -19 0.0009786625
-15 -19 0.0009674618
-14 -19 0.0009459262
-13 -19 0.0009143196
-12 -19 0.0008730095
-11 -19 0.0008224628
-10 -19 0.0007632403
-9 -19 0.0006959908
-8 -19 0.0006214435
-7 -19 0.0005404002
-6 -19 0.0004537267
-5 -19 0.0003623430
-4 -19 0.0002672136
-3 -19 0.0001693371
-2 -19 0.0000697358
-1 -19 -0.0000305557
0 -19 -0.0001305008
1 -19 -0.0002290721
2 -19 -0.0003252620
3 -19 -0.0004180928
4 -19 -0.0005066271
5 -19 -0.0005899770
6 -19 -0.0006673130
7 -19 -0.0007378719
8 -19 -0.0008009648
9 -19 -0.0008559829
10 -19 -0.0009024037
11 -19 -0.0009397955
12 -19 -0.0009678210
13 -19 -0.0009862399
14 -19 -0.0009949110
15 -19 -0.0009937925
16 -19 -0.0009829417
17 -19 -0.0009625134
18 -19 -0.0009327581
19 -19 -0.0008940183
20 -19 -0.0008467245
21 -19 -0.0007913900
22 -19 -0.0007286054
23 -19 -0.0006590320
24 -19 -0.0005833948
25 -19 -0.0005024744
26 -19 -0.0004170994
27 -19 -0.0003281375
28 -19 -0.0002364867
29 -19 -0.0001430662
30 -19 -0.0000488070
31 -19 0.0000000000
-31 -18 0.0000000000
-30 -18 0.0001662153
-29 -18 0.0002753746
-28 -18 0.0003809304
-27 -18 0.0004817922
-26 -18 0.0005769244
-25 -18 0.0006653562
-24 -18 0.0007461910
-23 -18 0.0008186158
-22 -18 0.0008819086
-21 -18 0.0009354456
-20 -18 0.0009787072
-19 -18 0.0010112827
-18 -18 0.0010328746
-17 -18 0.0010433006
-16 -18 0.0010424954
-15 -18 0.0010305107
-14 -18 0.0010075144
-13 -18 0.0009737880
-12 -18 0.0009297238
-11 -18 0.0008758196
-10 -18 0.0008126736
-9 -18 0.0007409774
-8 -18 0.0006615084
-7 -18 0.0005751215
-6 -18 0.0004827393
-5 -18 0.0003853425
-4 -18 0.0002839592
-3 -18 0.0001796537
-2 -18 0.0000735151
-1 -18 -0.0000333540
0 -18 -0.0001398491
1 -18 -0.0002448757
2 -18 -0.0003473603
3 -18 -0.0004462614
4 -18 -0.0005405804
5 -18 -0.0006293714
6 -18 -0.0007117507
7 -18 -0.0007869054
8 -18 -0.0008541016
9 -18 -0.0009126909
10 -18 -0.0009621169
11 -18 -0.0010019199
12 -18 -0.0010317409
13 -18 -0.0010513244
14 -18 -0.0010605202
15 -18 -0.0010592841
16 -18 -0.0010476774
17 -18 -0.0010258658
18 -18 -0.0009941164
19 -18 -0.0009527944
20 -18 -0.0009023588
21 -18 -0.0008433569
22 -18 -0.0007764185
23 -18 -0.0007022483
24 -18 -0.0006216190
25 -18 -0.0005353628
26 -18 -0.0004443626
27 -18 -0.0003495433
28 -18 -0.0002518617
29 -18 -0.0001522973
30 -18 -0.0000518422
31 -18 0.0000000000
-31 -17 0.0000000000
-30 -17 0.0001761425
-29 -17 0.0002916976
-28 -17 0.0004034335
-27 -17 0.0005101959
-26 -17 0.0006108881
-25 -17 0.0007044826
-24 -17 0.0007900304
-23 -17 0.0008666707
-22 -17 0.0009336397
-21 -17 0.0009902770
-20 -17 0.0010360332
-19 -17 0.0010704738
-18 -17 0.0010932844
-17 -17 0.0011042724
-16 -17 0.0011033692
-15 -17 0.0010906302
-14 -17 0.0010662335
-13 -17 0.0010304780
-12 -17 0.0009837792
-11 -17 0.0009266646
-10 -17 0.0008597679
-9 -17 0.0007838214
-8 -17 0.0006996487
-7 -17 0.0006081550
-6 -17 0.0005103182
-5 -17 0.0004071775
-4 -17 0.0002998220
-3 -17 0.0001893793
-2 -17 0.0000770023
-1 -17 -0.0000361421
0 -17 -0.0001488851
1 -17 -0.0002600687
2 -17 -0.0003685569
3 -17 -0.0004732480
4 -17 -0.0005730853
5 -17 -0.0006670678
6 -17 -0.0007542596
7 -17 -0.0008337999
8 -17 -0.0009049111
9 -17 -0.0009669067
10 -17 -0.0010191979
11 -17 -0.0010612983
12 -17 -0.0010928286
13 -17 -0.0011135186
14 -17 -0.0011232100
15 -17 -0.0011218563
16 -17 -0.0011095230
17 -17 -0.0010863856
18 -17 -0.0010527274
19 -17 -0.0010089354
20 -17 -0.0009554958
21 -17 -0.0008929885
22 -17 -0.0008220804
23 -17 -0.0007435179
24 -17 -0.0006581193
25 -17 -0.0005667658
26 -17 -0.0004703925
27 -17 -0.0003699786
28 -17 -0.0002665372
29 -17 -0.0001611054
30 -17 -0.0000547337
31 -17 0.0000000000
-31 -16 0.0000000000
-30 -16 0.0001855773
-29 -16 0.0003072050
-28 -16 0.0004248083
-27 -16 0.0005371721
-26 -16 0.0006431420
-25 -16 0.0007416363
-24 -16 0.0008316563
-23 -16 0.0009122961
-22 -16 0.0009827517
-21 -16 0.0010423287
-20 -16 0.0010904487
-19 -16 0.0011266553
-18 -16 0.0011506175
-17 -16 0.0011621333
-16 -16 0.0011611312
-15 -16 0.0011476698
-14 -16 0.0011219373
-13 -16 0.0010842484
-12 -16 0.0010350408
-11 -16 0.0009748694
-10 -16 0.0009044004
-9 -16 0.0008244036
-8 -16 0.0007357456
-7 -16 0.0006393807
-6 -16 0.0005363422
-5 -16 0.0004277298
-4 -16 0.0003146959
-3 -16 0.0001984302
-2 -16 0.0000801460
-1 -16 -0.0000389319
0 -16 -0.0001575780
1 -16 -0.0002745776
2 -16 -0.0003887398
3 -16 -0.0004989095
4 -16 -0.0006039781
5 -16 -0.0007028928
6 -16 -0.0007946659
7 -16 -0.0008783859
8 -16 -0.0009532290
9 -16 -0.0010184694
10 -16 -0.0010734864
11 -16 -0.0011177694
12 -16 -0.0011509206
13 -16 -0.0011726577
14 -16 -0.0011828150
15 -16 -0.0011813446
16 -16 -0.0011683159
17 -16 -0.0011439141
18 -16 -0.0011084377
19 -16 -0.0010622946
20 -16 -0.0010059969
21 -16 -0.0009401553
22 -16 -0.0008654721
23 -16 -0.0007827333
24 -16 -0.0006928006
25 -16 -0.0005966018
26 -16 -0.0004951215
27 -16 -0.0003893903
28 -16 -0.0002804752
29 -16 -0.0001694678
30 -16 -0.0000574739
31 -16 0.0000000000
-31 -15 0.0000000000
-30 -15 0.0001944951
-29 -15 0.0003218565
-28 -15 0.0004449994
-27 -15 0.0005626511
-26 -15 0.0006736027
-25 -15 0.0007767214
-24 -15 0.0008709614
-23 -15 0.0009553744
-22 -15 0.0010291186
-21 -15 0.0010914671
-20 -15 0.0011418147
-19 -15 0.0011796836
-18 -15 0.0012047279
-17 -15 0.0012167366
-16 -15 0.0012156352
-15 -15 0.0012014855
-14 -15 0.0011744847
-13 -15 0.0011349617
-12 -15 0.0010833723
-11 -15 0.0010202923
-10 -15 0.0009464106
-9 -15 0.0008625239
-8 -15 0.0007695343
-7 -15 0.0006684490
-6 -15 0.0005603747
-5 -15 0.0004465017
-4 -15 0.0003280743
-3 -15 0.0002063586
-2 -15 0.0000826202
-1 -15 -0.0000418821
0 -15 -0.0001658962
1 -15 -0.0002881811
2 -15 -0.0004075209
3 -15 -0.0005227373
4 -15 -0.0006326936
5 -15 -0.0007362923
6 -15 -0.0008324795
7 -15 -0.0009202635
8 -15 -0.0009987439
9 -15 -0.0010671361
10 -15 -0.0011247833
11 -15 -0.0011711569
12 -15 -0.0012058509
13 -15 -0.0012285790
14 -15 -0.0012391739
15 -15 -0.0012375890
16 -15 -0.0012238985
17 -15 -0.0011982974
18 -15 -0.0011610987
19 -15 -0.0011127299
20 -15 -0.0010537278
21 -15 -0.0009847321
22 -15 -0.0009064786
23 -15 -0.0008197908
24 -15 -0.0007255714
25 -15 -0.0006247921
26 -15 -0.0005184842
27 -15 -0.0004077274
28 -15 -0.0002936390
29 -15 -0.0001773623
30 -15 -0.0000600555
31 -15 0.0000000000
-31 -14 0.0000000000
-30 -14 0.0002028725
-29 -14 0.0003356138
-28 -14 0.0004639539
-27 -14 0.0005865662
-26 -14 0.0007021905
-25 -14 0.0008096462
-24 -14 0.0009078434
-23 -14 0.0009957937
-22 -14 0.0010726200
-21 -14 0.0011375650
-20 -14 0.0011899983
-19 -14 0.0012294222
-18 -14 0.0012554768
-17 -14 0.0012679424
-16 -14 0.0012667418
-15 -14 0.0012519392
-14 -14 0.0012237378
-13 -14 0.0011824730
-12 -14 0.0011286023
-11 -14 0.0010626912
-10 -14 0.0009854038
-9 -14 0.0008975099
-8 -14 0.0007999169
-7 -14 0.0006937169
-6 -14 0.0005802121
-5 -14 0.0004608715
-4 -14 0.0003372157
-3 -14 0.0002106836
-2 -14 0.0000825651
-1 -14 -0.0000459715
0 -14 -0.0001738078
1 -14 -0.0002998369
2 -14 -0.0004229779
3 -14 -0.0005421894
4 -14 -0.0006564307
5 -14 -0.0007645876
6 -14 -0.0008654424
7 -14 -0.0009577388
8 -14 -0.0010403100
9 -14 -0.0011121907
10 -14 -0.0011726545
11 -14 -0.0012211839
12 -14 -0.0012574175
13 -14 -0.0012811115
14 -14 -0.0012921273
15 -14 -0.0012904347
16 -14 -0.0012761195
17 -14 -0.0012493881
18 -14 -0.0012105679
19 -14 -0.0011601052
20 -14 -0.0010985598
21 -14 -0.0010265989
22 -14 -0.0009449897
23 -14 -0.0008545910
24 -14 -0.0007563437
25 -14 -0.0006512611
26 -14 -0.0005404183
27 -14 -0.0004249408
28 -14 -0.0003059934
29 -14 -0.0001847679
30 -14 -0.0000624715
31 -14 0.0000000000
-31 -13 0.0000000000
-30 -13 0.0002106874
-29 -13 0.0003484404
-28 -13 0.0004816217
-27 -13 0.0006088542
-26 -13 0.0007288302
-25 -13 0.0008403243
-24 -13 0.0009422054
-23 -13 0.0010334481
-22 -13 0.0011131424
-21 -13 0.0011805024
-20 -13 0.0012348743
-19 -13 0.0012757423
-18 -13 0.0013027329
-17 -13 0.0013156187
-16 -13 0.0013143186
-15 -13 0.0012988952
-14 -13 0.0012695450
-13 -13 0.0012265755
-12 -13 0.0011703659
-11 -13 0.0011013179
-10 -13 0.0010198350
-9 -13 0.0009263946
-8 -13 0.0008217631
-7 -13 0.0007072970
-6 -13 0.0005851260
-5 -13 0.0004579771
-4 -13 0.0003286034
-3 -13 0.0001991264
-2 -13 0.0000707292
-1 -13 -0.0000561325
0 -13 -0.0001812813
1 -13 -0.0003045497
2 -13 -0.0004257970
3 -13 -0.0005449261
4 -13 -0.0006616138
5 -13 -0.0007748596
6 -13 -0.0008827723
7 -13 -0.0009828731
8 -13 -0.0010727497
9 -13 -0.0011506223
10 -13 -0.0012155148
11 -13 -0.0012670665
12 -13 -0.0013052242
13 -13 -0.0013300219
14 -13 -0.0013415015
15 -13 -0.0013397285
16 -13 -0.0013248332
17 -13 -0.0012970452
18 -13 -0.0012567095
19 -13 -0.0012042906
20 -13 -0.0011403704
21 -13 -0.0010656415
22 -13 -0.0009809007
23 -13 -0.0008870392
24 -13 -0.0007850341
25 -13 -0.0006759372
26 -13 -0.0005608643
27 -13 -0.0004409840
28 -13 -0.0003175051
29 -13 -0.0001916646
30 -13 -0.0000647156
31 -13 0.0000000000
-31 -12 0.0000000000
-30 -12 0.0002179189
-29 -12 0.0003603023
-28 -12 0.0004979558
-27 -12 0.0006294560
-26 -12 0.0007534511
-25 -12 0.0008686744
-24 -12 0.0009739569
-23 -12 0.0010682387
-22 -12 0.0011505793
-21 -12 0.0012201669
-20 -12 0.0012763259
-19 -12 0.0013185235
-18 -12 0.0013463739
-17 -12 0.0013596411
-16 -12 0.0013582361
-15 -12 0.0013422028
-14 -12 0.0013116755
-13 -12 0.0012667820
-12 -12 0.0012074702
-11 -12 0.0011332972
-10 -12 0.0010433562
-9 -12 0.0009366529
-8 -12 0.0008131663
-7 -12 0.0006753279
-6 -12 0.0005289395
-5 -12 0.0003823779
-4 -12 0.0002439240
-3 -12 0.0001186737
-2 -12 0.0000071309
-1 -12 -0.0000937340
0 -12 -0.0001882856
1 -12 -0.0002808885
2 -12 -0.0003759354
3 -12 -0.0004778741
4 -12 -0.0005898710
5 -12 -0.0007116117
6 -12 -0.0008382384
7 -12 -0.0009617546
8 -12 -0.0010741090
9 -12 -0.0011698623
10 -12 -0.0012469772
11 -12 -0.0013058942
12 -12 -0.0013480472
13 -12 -0.0013747962
14 -12 -0.0013870435
15 -12 -0.0013853016
16 -12 -0.0013698964
17 -12 -0.0013411349
18 -12 -0.0012993954
19 -12 -0.0012451643
20 -12 -0.0011790444
21 -12 -0.0011017528
22 -12 -0.0010141129
23 -12 -0.0009170467
24 -12 -0.0008115642
25 -12 -0.0006987529
26 -12 -0.0005797667
27 -12 -0.0004558133
28 -12 -0.0003281427
29 -12 -0.0001980337
30 -12 -0.0000667815
31 -12 0.0000000000
-31 -11 0.0000000000
-30 -11 0.0002245478
-29 -11 0.0003711677
-28 -11 0.0005129128
-27 -11 0.0006483171
-26 -11 0.0007759882
-25 -11 0.0008946219
-24 -11 0.0010030142
-23 -11 0.0011000739
-22 -11 0.0011848328
-21 -11 0.0012564550
-20 -11 0.0013142451
-19 -11 0.0013576546
-18 -11 0.0013862858
-17 -11 0.0013998906
-16 -11 0.0013983546
-15 -11 0.0013816363
-14 -11 0.0013495937
-13 -11 0.0013015841
-12 -11 0.0012357497
-11 -11 0.0011481491
-10 -11 0.0010324710
-9 -11 0.0008816492
-8 -11 0.0006923606
-7 -11 0.0004712867
-6 -11 0.0002390176
-5 -11 0.0000267455
-4 -11 -0.0001349368
-3 -11 -0.0002289943
-2 -11 -0.0002578300
-1 -11 -0.0002387751
0 -11 -0.0001947903
1 -11 -0.0001487939
2 -11 -0.0001237335
3 -11 -0.0001426551
4 -11 -0.0002230315
5 -11 -0.0003674608
6 -11 -0.0005591539
7 -11 -0.0007678112
8 -11 -0.0009625761
9 -11 -0.0011232327
10 -11 -0.0012435060
11 -11 -0.0013271519
12 -11 -0.0013816902
13 -11 -0.0014138994
14 -11 -0.0014281952
15 -11 -0.0014269104
16 -11 -0.0014111556
17 -11 -0.0013815283
18 -11 -0.0013385057
19 -11 -0.0012826123
20 -11 -0.0012144748
21 -11 -0.0011348327
22 -11 -0.0010445348
23 -11 -0.0009445308
24 -11 -0.0008358610
25 -11 -0.0007196458
26 -11 -0.0005970735
27 -11 -0.0004693882
28 -11 -0.0003378773
29 -11 -0.0002038578
30 -11 -0.0000686636
31 -11 0.0000000000
-31 -10 0.0000000000
-30 -10 0.0002305564
-29 -10 0.0003810079
-28 -10 0.0005264531
-27 -10 0.0006653874
-26 -10 0.0007963819
-25 -10 0.0009180983
-24 -10 0.0010293011
-23 -10 0.0011288706
-22 -10 0.0012158134
-21 -10 0.0012892722
-20 -10 0.0013485336
-19 -10 0.0013930344
-18 -10 0.0014223629
-17 -10 0.0014362461
-16 -10 0.0014344839
-15 -10 0.0014167240
-14 -10 0.0013818204
-13 -10 0.0013263566
-12 -10 0.0012420017
-11 -10 0.0011123011
-10 -10 0.0009116336
-9 -10 0.0006112357
-8 -10 0.0001959425
-7 -10 -0.0003125183
-6 -10 -0.0008409871
-5 -10 -0.0012771197
-4 -10 -0.0015109702
-3 -10 -0.0014830959
-2 -10 -0.0012063638
-1 -10 -0.0007491538
0 -10 -0.0002007665
1 -10 0.0003496895
2 -10 0.0008130762
3 -10 0.0011000049
4 -10 0.0011419503
5 -10 0.0009258448
6 -10 0.0005108786
7 -10 0.0000066961
8 -10 -0.0004747034
9 -10 -0.0008605448
10 -10 -0.0011295183
11 -10 -0.0012972337
12 -10 -0.0013929205
13 -10 -0.0014426804
14 -10 -0.0014634555
15 -10 -0.0014640648
16 -10 -0.0014484063
17 -10 -0.0014180938
18 -10 -0.0013739280
19 -10 -0.0013165302
20 -10 -0.0012465631
21 -10 -0.0011647899
22 -10 -0.0010720825
23 -10 -0.0009694159
24 -10 -0.0008578580
25 -10 -0.0007385586
26 -10 -0.0006127375
27 -10 -0.0004816717
28 -10 -0.0003466822
29 -10 -0.0002091210
30 -10 -0.0000703569
31 -10 0.0000000000
-31 -9 0.0000000000
-30 -9 0.0002359289
-29 -9 0.0003897970
-28 -9 0.0005385411
-27 -9 0.0006806223
-26 -9 0.0008145791
-25 -9 0.0009390426
-24 -9 0.0010527493
-23 -9 0.0011545542
-22 -9 0.0012434415
-21 -9 0.0013185346
-20 -9 0.0013791037
-19 -9 0.0014245713
-18 -9 0.0014545046
-17 -9 0.0014685650
-16 -9 0.0014662898
-15 -9 0.0014463514
-14 -9 0.0014044597
-13 -9 0.0013285249
-12 -9 0.0011900003
-11 -9 0.0009333737
-10 -9 0.0004727656
-9 -9 -0.0002882974
-8 -9 -0.0014019657
-7 -9 -0.0027996645
-6 -9 -0.0042443901
-5 -9 -0.0053708364
-4 -9 -0.0058217075
-3 -9 -0.0054054132
-2 -9 -0.0041675341
-1 -9 -0.0023357114
0 -9 -0.0002061872
1 -9 0.0019254574
2 -9 0.0037636106
3 -9 0.0050119404
4 -9 0.0054426565
5 -9 0.0050099732
6 -9 0.0039052217
7 -9 0.0024853894
8 -9 0.0011154288
9 -9 0.0000319500
10 -9 -0.0006969000
11 -9 -0.0011237277
12 -9 -0.0013454837
13 -9 -0.0014485396
14 -9 -0.0014889073
15 -9 -0.0014956332
16 -9 -0.0014813004
17 -9 -0.0014506786
18 -9 -0.0014055544
19 -9 -0.0013468226
20 -9 -0.0012752208
21 -9 -0.0011915421
22 -9 -0.0010966806
23 -9 -0.0009916340
24 -9 -0.0008774950
25 -9 -0.0007554398
26 -9 -0.0006267162
27 -9 -0.0004926304
28 -9 -0.0003545338
29 -9 -0.0002138092
30 -9 -0.0000718567
31 -9 0.0000000000
-31 -8 0.0000000000
-30 -8 0.0002406512
-29 -8 0.0003975122
-28 -8 0.0005491458
-27 -8 0.0006939828
-26 -8 0.0008305333
-25 -8 0.0009574014
-24 -8 0.0010732994
-23 -8 0.0011770598
-22 -8 0.0012676474
-21 -8 0.0013441684
-20 -8 0.0014058786
-19 -8 0.0014521833
-18 -8 0.0014826094
-17 -8 0.0014966488
-16 -8 0.0014931259
-15 -8 0.0014680524
-14 -8 0.0014085602
-13 -8 0.0012789120
-12 -8 0.0009954587
-11 -8 0.0003962443
-10 -8 -0.0007688223
-9 -8 -0.0027807325
-8 -8 -0.0057924519
-7 -8 -0.0096078188
-6 -8 -0.0135434859
-5 -8 -0.0165450020
-4 -8 -0.0175812185
-3 -8 -0.0161005675
-2 -8 -0.0122378224
-1 -8 -0.0066546008
0 -8 -0.0002110271
1 -8 0.0062347124
2 -8 0.0118244007
3 -8 0.0156978212
4 -8 0.0171932044
5 -8 0.0161755672
6 -8 0.0131962135
7 -8 0.0092859767
8 -8 0.0054989472
9 -8 0.0025180704
10 -8 0.0005390712
11 -8 -0.0005914814
12 -8 -0.0011550662
13 -8 -0.0014022768
14 -8 -0.0014955790
15 -8 -0.0015191323
16 -8 -0.0015091780
17 -8 -0.0014790736
18 -8 -0.0014332764
19 -8 -0.0013734032
20 -8 -0.0013003694
21 -8 -0.0012150166
22 -8 -0.0011182624
23 -8 -0.0010111252
24 -8 -0.0008947192
25 -8 -0.0007702441
26 -8 -0.0006389721
27 -8 -0.0005022351
28 -8 -0.0003614110
29 -8 -0.0002179098
30 -8 -0.0000731592
31 -8 0.0000000000
-31 -7 0.0000000000
-30 -7 0.0002447117
-29 -7 0.0004041344
-28 -7 0.0005582408
-27 -7 0.0007054357
-26 -7 0.0008442048
-25 -7 0.0009731295
-24 -7 0.0010909008
-23 -7 0.0011963324
-22 -7 0.0012883722
-21 -7 0.0013661117
-20 -7 0.0014287926
-19 -7 0.0014757975
-18 -7 0.0015065678
-17 -7 0.0015202006
-16 -7 0.0015138298
-15 -7 0.0014771470
-14 -7 0.0013769125
-13 -7 0.0011212356
-12 -7 0.0004956352
-11 -7 -0.0009145669
-10 -7 -0.0037493318
-9 -7 -0.0087277326
-8 -7 -0.0162421064
-7 -7 -0.0257934325
-6 -7 -0.0356387676
-5 -7 -0.0430876485
-4 -7 -0.0455092217
-3 -7 -0.0414973641
-2 -7 -0.0313986416
-1 -7 -0.0169049928
0 -7 -0.0002152638
1 -7 0.0164766706
2 -7 0.0309769039
3 -7 0.0410864965
4 -7 0.0451133549
5 -7 0.0427107002
6 -7 0.0352843865
7 -7 0.0254649469
8 -7 0.0159424773
9 -7 0.0084595119
10 -7 0.0035146273
11 -7 0.0007150124
12 -7 -0.0006589018
13 -7 -0.0012475876
14 -7 -0.0014662423
15 -7 -0.0015298667
16 -7 -0.0015308639
17 -7 -0.0015029722
18 -7 -0.0014569773
19 -7 -0.0013961943
20 -7 -0.0013219412
21 -7 -0.0012351513
22 -7 -0.0011367712
23 -7 -0.0010278383
24 -7 -0.0009094857
25 -7 -0.0007829329
26 -7 -0.0006494733
27 -7 -0.0005104608
28 -7 -0.0003672961
29 -7 -0.0002214124
30 -7 -0.0000742610
31 -7 0.0000000000
-31 -6 0.0000000000
-30 -6 0.0002481005
-29 -6 0.0004096478
-28 -6 0.0005658045
-27 -6 0.0007149541
-26 -6 0.0008555618
-25 -6 0.0009861902
-24 -6 0.0011055127
-23 -6 0.0012123274
-22 -6 0.0013055680
-21 -6 0.0013843138
-20 -6 0.0014477922
-19 -6 0.0014953496
-18 -6 0.0015262601
-17 -6 0.0015388119
-16 -6 0.0015266568
-15 -6 0.0014664627
-14 -6 0.0012830103
-13 -6 0.0007687022
-12 -6 -0.0005605208
-11 -6 -0.0036400609
-10 -6 -0.0099131841
-9 -6 -0.0210016069
-8 -6 -0.0377908906
-7 -6 -0.0591580292
-6 -6 -0.0811769166
-5 -6 -0.0977862822
-4 -6 -0.1030592725
-3 -6 -0.0938290721
-2 -6 -0.0708786551
-1 -6 -0.0380228641
0 -6 -0.0002188772
1 -6 0.0375873481
2 -6 0.0704498229
3 -6 0.0934112736
4 -6 0.1026567009
5 -6 0.0974029144
6 -6 0.0808164569
7 -6 0.0588238565
8 -6 0.0374860116
9 -6 0.0207286131
10 -6 0.0096742163
11 -6 0.0034367793
12 -6 0.0003940823
13 -6 -0.0008976592
14 -6 -0.0013743742
15 -6 -0.0015206491
16 -6 -0.0015446014
17 -6 -0.0015219564
18 -6 -0.0014765302
19 -6 -0.0014151271
20 -6 -0.0013398798
21 -6 -0.0012518949
22 -6 -0.0011521601
23 -6 -0.0010417312
24 -6 -0.0009217574
25 -6 -0.0007934745
26 -6 -0.0006581937
27 -6 -0.0005172872
28 -6 -0.0003721745
29 -6 -0.0002243084
30 -6 -0.0000751594
31 -6 0.0000000000
-31 -5 0.0000000000
-30 -5 0.0002508102
-29 -5 0.0004140402
-28 -5 0.0005718204
-27 -5 0.0007225172
-26 -5 0.0008645798
-25 -5 0.0009965554
-24 -5 0.0011171040
-23 -5 0.0012250109
-22 -5 0.0013191989
-21 -5 0.0013987366
-20 -5 0.0014628362
-19 -5 0.0015107875
-18 -5 0.0015415721
-17 -5 0.0015520436
-16 -5 0.0015296652
-15 -5 0.0014279539
-14 -5 0.0010970681
-13 -5 0.0001237363
-12 -5 -0.0024552834
-11 -5 -0.0085009883
-10 -5 -0.0208845281
-9 -5 -0.0428320794
-8 -5 -0.0761059230
-7 -5 -0.1184739375
-6 -5 -0.1621294704
-5 -5 -0.1950196694
-4 -5 -0.2053590716
-3 -5 -0.1868512567
-2 -5 -0.1410549344
-1 -5 -0.0755584234
0 -5 -0.0002218507
1 -5 0.0751169873
2 -5 0.1406202620
3 -5 0.1864277503
4 -5 0.2049509749
5 -5 0.1946310072
6 -5 0.1617639916
7 -5 0.1181350626
8 -5 0.0757966952
9 -5 0.0425551227
10 -5 0.0206420102
11 -5 0.0082945910
12 -5 0.0022861794
13 -5 -0.0002548989
14 -5 -0.0011901741
15 -5 -0.0014834212
16 -5 -0.0015484381
17 -5 -0.0015355781
18 -5 -0.0014918140
19 -5 -0.0014301442
20 -5 -0.0013541410
21 -5 -0.0012652079
22 -5 -0.0011643931
23 -5 -0.0010527716
24 -5 -0.0009315056
25 -5 -0.0008018444
26 -5 -0.0006651131
27 -5 -0.0005226984
28 -5 -0.0003760351
29 -5 -0.0002265910
30 -5 -0.0000758526
31 -5 0.0000000000
-31 -4 0.0000000000
-30 -4 0.0002528356
-29 -4 0.0004173036
-28 -4 0.0005762775
-27 -4 0.0007281113
-26 -4 0.0008712422
-25 -4 0.0010042065
-24 -4 0.0011256538
-23 -4 0.0012343603
-22 -4 0.0013292405
-21 -4 0.0014093547
-20 -4 0.0014738975
-19 -4 0.0015220777
-18 -4 0.0015524361
-17 -4 0.0015596497
-16 -4 0.0015217832
-15 -4 0.0013571932
-14 -4 0.0008027063
-13 -4 -0.0008673124
-12 -4 -0.0053438489
-11 -4 -0.0158936176
-10 -4 -0.0375563172
-9 -4 -0.0759948423
-8 -4 -0.1343029659
-7 -4 -0.2085641531
-6 -4 -0.2850783372
-5 -4 -0.3426932038
-4 -4 -0.3607257732
-3 -4 -0.3281266763
-2 -4 -0.2476327531
-1 -4 -0.1325631521
0 -4 -0.0002241707
1 -4 0.1321170963
2 -4 0.2471935218
3 -4 0.3276987113
4 -4 0.3603133566
5 -4 0.3423003967
6 -4 0.2847089229
7 -4 0.2082215833
8 -4 0.1339903122
9 -4 0.0757147533
10 -4 0.0373109814
11 -4 0.0156847336
12 -4 0.0051726016
13 -4 0.0007343578
14 -4 -0.0008972496
15 -4 -0.0014137445
16 -4 -0.0015412926
17 -4 -0.0015435835
18 -4 -0.0015027549
19 -4 -0.0014412073
20 -4 -0.0013646940
21 -4 -0.0012750624
22 -4 -0.0011734450
23 -4 -0.0010609367
24 -4 -0.0009387105
25 -4 -0.0008080257
26 -4 -0.0006702176
27 -4 -0.0005266838
28 -4 -0.0003788701
29 -4 -0.0002282560
30 -4 -0.0000763392
31 -4 0.0000000000
-31 -3 0.0000000000
-30 -3 0.0002541739
-29 -3 0.0004194334
-28 -3 0.0005791698
-27 -3 0.0007317290
-26 -3 0.0008755406
-25 -3 0.0010091337
-24 -3 0.0011311514
-23 -3 0.0012403641
-22 -3 0.0013356809
-21 -3 0.0014161557
-20 -3 0.0014809644
-19 -3 0.0015292154
-18 -3 0.0015588893
-17 -3 0.0015618872
-16 -3 0.0015042846
-15 -3 0.0012595833
-14 -3 0.0004200304
-13 -3 -0.0021384948
-12 -3 -0.0090353682
-11 -3 -0.0253305886
-10 -3 -0.0588302885
-9 -3 -0.1183059016
-8 -3 -0.2085497983
-7 -3 -0.3234966347
-6 -3 -0.4419280919
-5 -3 -0.5310836310
-4 -3 -0.5589296716
-3 -3 -0.5083534901
-2 -3 -0.3835948821
-1 -3 -0.2052838532
0 -3 -0.0002258274
1 -3 0.2048344978
2 -3 0.3831523925
3 -3 0.5079223352
4 -3 0.5585141593
5 -3 0.5306878474
6 -3 0.4415558436
7 -3 0.3231513948
8 -3 0.2082346579
9 -3 0.1180235264
10 -3 0.0585828816
11 -3 0.0251198602
12 -3 0.0088625124
13 -3 0.0020041733
14 -3 -0.0005156959
15 -3 -0.0013170124
16 -3 -0.0015244306
17 -3 -0.0015462225
18 -3 -0.0015093839
19 -3 -0.0014483069
20 -3 -0.0013715234
21 -3 -0.0012814432
22 -3 -0.0011793017
23 -3 -0.0010662140
24 -3 -0.0009433611
25 -3 -0.0008120089
26 -3 -0.0006734994
27 -3 -0.0005292373
28 -3 -0.0003806756
29 -3 -0.0002293009
30 -3 -0.0000766188
31 -3 0.0000000000
-31 -2 0.0000000000
-30 -2 0.0002548246
-29 -2 0.0004204292
-28 -2 0.0005804970
-27 -2 0.0007333701
-26 -2 0.0008774747
-25 -2 0.0010113369
-24 -2 0.0011335969
-23 -2 0.0012430225
-22 -2 0.0013385204
-21 -2 0.0014191405
-20 -2 0.0014840418
-19 -2 0.0015322301
-18 -2 0.0015611076
-17 -2 0.0015597022
-16 -2 0.0014816783
-15 -2 0.0011541016
-14 -2 0.0000195444
-13 -2 -0.0034586425
-12 -2 -0.0128609412
-11 -2 -0.0351038278
-10 -2 -0.0808573537
-9 -2 -0.1621110319
-8 -2 -0.2854156879
-7 -2 -0.4424814541
-6 -2 -0.6043068388
-5 -2 -0.7261140378
-4 -2 -0.7641189073
-3 -2 -0.6949317168
-2 -2 -0.5243481821
-1 -2 -0.2805667876
0 -2 -0.0002268143
1 -2 0.2801154657
2 -2 0.5239037477
3 -2 0.6944986529
4 -2 0.7637015357
5 -2 0.7257164578
6 -2 0.6039328694
7 -2 0.4421345801
8 -2 0.2850990110
9 -2 0.1618272270
10 -2 0.0806086323
11 -2 0.0348919071
12 -2 0.0126870205
13 -2 0.0033233878
14 -2 -0.0001160092
15 -2 -0.0012121950
16 -2 -0.0015023543
17 -2 -0.0015444355
18 -2 -0.0015118716
19 -2 -0.0014514677
20 -2 -0.0013746299
21 -2 -0.0012843478
22 -2 -0.0011819605
23 -2 -0.0010686012
24 -2 -0.0009454555
25 -2 -0.0008137926
26 -2 -0.0006749575
27 -2 -0.0005303582
28 -2 -0.0003814509
29 -2 -0.0002297257
30 -2 -0.0000766914
31 -2 0.0000000000
-31 -1 0.0000000000
-30 -1 0.0002547896
-29 -1 0.0004202945
-28 -1 0.0005802639
-27 -1 0.0007330408
-26 -1 0.0008770523
-25 -1 0.0010108252
-24 -1 0.0011330006
-23 -1 0.0012423470
-22 -1 0.0013377715
-21 -1 0.0014183233
-20 -1 0.0014831500
-19 -1 0.0015311800
-18 -1 0.0015593720
-17 -1 0.0015545467
-16 -1 0.0014608318
-15 -1 0.0010696109
-14 -1 -0.0002915566
-13 -1 -0.0044763133
-12 -1 -0.0158036699
-11 -1 -0.0426166471
-10 -1 -0.0977859726
-9 -1 -0.1957739786
-8 -1 -0.3444827143
-7 -1 -0.5339129599
-6 -1 -0.7290825298
-5 -1 -0.8759793909
-4 -1 -0.9217901080
-3 -1 -0.8383016151
-2 -1 -0.6325052227
-1 -1 -0.3384151419
0 -1 -0.0002271289
1 -1 0.3379631916
2 -1 0.6320601620
3 -1 0.8378679285
4 -1 0.9213721187
5 -1 0.8755811999
6 -1 0.7287079576
7 -1 0.5335654930
8 -1 0.3441654561
9 -1 0.1954896060
10 -1 0.0975366989
11 -1 0.0424041913
12 -1 0.0156292334
13 -1 0.0043405640
14 -1 0.0001946205
15 -1 -0.0011281503
16 -1 -0.0014819266
17 -1 -0.0015396696
18 -1 -0.0015104946
19 -1 -0.0014507435
20 -1 -0.0013740296
21 -1 -0.0012837864
22 -1 -0.0011814304
23 -1 -0.0010681063
24 -1 -0.0009450009
25 -1 -0.0008133830
26 -1 -0.0006745971
27 -1 -0.0005300506
28 -1 -0.0003811992
29 -1 -0.0002295324
30 -1 -0.0000765582
31 -1 0.0000000000
-31 0 0.0000000000
-30 0 0.0002540733
-29 0 0.0004190367
-28 0 0.0005784810
-27 0 0.0007307545
-26 0 0.0008742893
-25 0 0.0010076171
-24 0 0.0011293832
-23 0 0.0012383603
-22 0 0.0013334591
-21 0 0.0014137312
-20 0 0.0014783225
-19 0 0.0015261342
-18 0 0.0015539588
-17 0 0.0015477858
-16 0 0.0014481455
-15 0 0.0010329612
-14 0 -0.0004135940
-13 0 -0.0048647417
-12 0 -0.0169180858
-11 0 -0.0454547770
-10 0 -0.1041756955
-9 0 -0.2084759853
-8 0 -0.3667674142
-7 0 -0.5684059563
-6 0 -0.7761533641
-5 0 -0.9325142286
-4 0 -0.9812690464
-3 0 -0.8923852748
-2 0 -0.6733052370
-1 0 -0.3602369858
0 0 -0.0002267723
1 0 0.3597857430
2 0 0.6728608664
3 0 0.8919522498
4 0 0.9808516794
5 0 0.9321166105
6 0 0.7757793063
7 0 0.5680589371
8 0 0.3664505298
9 0 0.2081919069
10 0 0.1039266319
11 0 0.0452424442
12 0 0.0167436839
13 0 0.0047289385
14 0 0.0003165169
15 0 -0.0010917254
16 0 -0.0014695444
17 0 -0.0015332862
18 0 -0.0015055251
19 0 -0.0014461990
20 0 -0.0013697516
21 0 -0.0012797815
22 0 -0.0011777314
23 0 -0.0010647474
24 0 -0.0009420133
25 0 -0.0008107940
26 0 -0.0006724299
27 0 -0.0005283239
28 0 -0.0003799274
29 0 -0.0002287252
30 0 -0.0000762206
31 0 0.0000000000
-31 1 0.0000000000
-30 1 0.0002526823
-29 1 0.0004166671
-28 1 0.0005751640
-27 1 0.0007265310
-26 1 0.0008692097
-25 1 0.0010017401
-24 1 0.0011227758
-23 1 0.0012310966
-22 1 0.0013256200
-21 1 0.0014054035
-20 1 0.0014696025
-19 1 0.0015171512
-18 1 0.0015450125
-17 1 0.0015400101
-16 1 0.0014462728
-15 1 0.0010551839
-14 1 -0.0003056993
-13 1 -0.0044900231
-12 1 -0.0158168033
-11 1 -0.0426290671
-10 1 -0.0977975504
-9 1 -0.1957845946
-8 1 -0.3444922595
-7 1 -0.5339213370
-6 1 -0.7290896541
-5 1 -0.8759851912
-4 1 -0.9217945271
-3 1 -0.8383046105
-2 1 -0.6325067670
-1 1 -0.3384152228
0 1 -0.0002257493
1 1 0.3379660135
2 1 0.6320643934
3 1 0.8378735221
4 1 0.9213790135
5 1 0.8755893217
6 1 0.7287172202
7 1 0.5335757989
8 1 0.3441766978
9 1 0.1955016670
10 1 0.0975494551
11 1 0.0424175123
12 1 0.0156429839
13 1 0.0043546051
14 1 0.0002088114
15 1 -0.0011139511
16 1 -0.0014678598
17 1 -0.0015258737
18 1 -0.0014971044
19 1 -0.0014378890
20 1 -0.0013618345
21 1 -0.0012723672
22 1 -0.0011708949
23 1 -0.0010585530
24 1 -0.0009365179
25 1 -0.0008060473
26 1 -0.0006684737
27 1 -0.0005251922
28 1 -0.0003776457
29 1 -0.0002273104
30 1 -0.0000756811
31 1 0.0000000000
-31 2 0.0000000000
-30 2 0.0002506256
-29 2 0.0004132005
-28 2 0.0005703336
-27 2 0.0007203968
-26 2 0.0008618450
-25 2 0.0009932308
-24 2 0.0011132193
-23 2 0.0012206010
-22 2 0.0013143025
-21 2 0.0013933913
-20 2 0.0014570414
-19 2 0.0015042701
-18 2 0.0015324884
-17 2 0.0015307298
-16 2 0.0014526610
-15 2 0.0011253471
-14 2 -0.0000086439
-13 2 -0.0034859682
-12 2 -0.0128871183
-11 2 -0.0351285834
-10 2 -0.0808804308
-9 2 -0.1621321924
-8 2 -0.2854347146
-7 2 -0.4424981529
-6 2 -0.6043210409
-5 2 -0.7261256012
-4 2 -0.7641277182
-3 2 -0.6949376903
-2 2 -0.5243512636
-1 2 -0.2805669525
0 2 -0.0002240686
1 2 0.2801210861
2 2 0.5239121772
3 2 0.6945097974
4 2 0.7637152735
5 2 0.7257326412
6 2 0.6039513265
7 2 0.4421551168
8 2 0.2851214129
9 2 0.1618512621
10 2 0.0806340532
11 2 0.0349184539
12 2 0.0127144235
13 2 0.0033513703
14 2 -0.0000877279
15 2 -0.0011838970
16 2 -0.0014743200
17 2 -0.0015169408
18 2 -0.0014851853
19 2 -0.0014258488
20 2 -0.0013503250
21 2 -0.0012615891
22 2 -0.0011609629
23 2 -0.0010495610
24 2 -0.0009285484
25 2 -0.0007991719
26 2 -0.0006627529
27 2 -0.0005206747
28 2 -0.0003743679
29 2 -0.0002252965
30 2 -0.0000749427
31 2 0.0000000000
-31 3 0.0000000000
-30 3 0.0002479143
-29 3 0.0004086558
-28 3 0.0005640158
-27 3 0.0007123847
-26 3 0.0008522346
-25 3 0.0009821345
-24 3 0.0011007646
-23 3 0.0012069288
-22 3 0.0012995664
-21 3 0.0013777573
-20 3 0.0014406995
-19 3 0.0014875189
-18 3 0.0015162093
-17 3 0.0015186798
-16 3 0.0014610097
-15 3 0.0012166996
-14 3 0.0003779904
-13 3 -0.0021792491
-12 3 -0.0090744102
-11 3 -0.0253675114
-10 3 -0.0588647089
-9 3 -0.1183374643
-8 3 -0.2085781794
-7 3 -0.3235215448
-6 3 -0.4419492792
-5 3 -0.5311008837
-4 3 -0.5589428197
-3 3 -0.5083624073
-2 3 -0.3835994866
-1 3 -0.2052841084
0 3 -0.0002217420
1 3 0.2048428701
2 3 0.3831649541
3 3 0.5079389456
4 3 0.5585346373
5 3 0.5307119729
6 3 0.4415833601
7 3 0.3231820129
8 3 0.2082680580
9 3 0.1180593624
10 3 0.0586207847
11 3 0.0251594430
12 3 0.0089033725
13 3 0.0020458984
14 3 -0.0004735247
15 3 -0.0012748157
16 3 -0.0014826265
17 3 -0.0015052226
18 3 -0.0014695889
19 3 -0.0014101032
20 3 -0.0013352788
21 3 -0.0012475038
22 3 -0.0011479882
23 3 -0.0010378193
24 3 -0.0009181470
25 3 -0.0007902042
26 3 -0.0006552976
27 3 -0.0005147949
28 3 -0.0003701112
29 3 -0.0002226940
30 3 -0.0000740091
31 3 0.0000000000
-31 4 0.0000000000
-30 4 0.0002445618
-29 4 0.0004030549
-28 4 0.0005562412
-27 4 0.0007025333
-26 4 0.0008404249
-25 4 0.0009685047
-24 4 0.0010854715
-23 4 0.0011901459
-22 4 0.0012814823
-21 4 0.0013585754
-20 4 0.0014206489
-19 4 0.0014669349
-18 4 0.0014959916
-17 4 0.0015025067
-16 4 0.0014645498
-15 4 0.0013004759
-14 4 0.0007471036
-13 4 -0.0009212161
-12 4 -0.0053954893
-11 4 -0.0159424565
-10 4 -0.0376018479
-9 4 -0.0760365948
-8 4 -0.1343405118
-7 4 -0.2085971096
-6 4 -0.2851063713
-5 4 -0.3427160351
-4 4 -0.3607431770
-3 4 -0.3281384853
-2 4 -0.2476388591
-1 4 -0.1325635066
0 4 -0.0002187851
1 4 0.1321281513
2 4 0.2472101171
3 4 0.3277206615
4 4 0.3603404219
5 4 0.3423322862
6 4 0.2847452977
7 4 0.2082620605
8 4 0.1340344693
9 4 0.0757621326
10 4 0.0373610955
11 4 0.0157370698
12 4 0.0052266283
13 4 0.0007895293
14 4 -0.0008414870
15 4 -0.0013579470
16 4 -0.0014860132
17 4 -0.0014893665
18 4 -0.0014501305
19 4 -0.0013906863
20 4 -0.0013167630
21 4 -0.0012301790
22 4 -0.0011320336
23 4 -0.0010233845
24 4 -0.0009053640
25 4 -0.0007791875
26 4 -0.0006461436
27 4 -0.0005075813
28 4 -0.0003648959
29 4 -0.0002195152
30 4 -0.0000728847
31 4 0.0000000000
-31 5 0.0000000000
-30 5 0.0002405833
-29 5 0.0003964235
-28 5 0.0005470451
-27 5 0.0006908874
-26 5 0.0008264692
-25 5 0.0009524029
-24 5 0.0010674089
-23 5 0.0011703277
-22 5 0.0012601312
-21 5 0.0013359310
-20 5 0.0013969750
-19 5 0.0014425819
-18 5 0.0014717547
-17 5 0.0014813605
-16 5 0.0014588685
-15 5 0.0013577937
-14 5 0.0010282847
-13 5 0.0000570525
-12 5 -0.0025191696
-11 5 -0.0085614113
-10 5 -0.0209408610
-9 5 -0.0428837408
-8 5 -0.0761523829
-7 5 -0.1185147224
-6 5 -0.1621641680
-5 5 -0.1950479330
-4 5 -0.2053806229
-3 5 -0.1868658888
-2 5 -0.1410625131
-1 5 -0.0755588885
0 5 -0.0002152161
1 5 0.0751306343
2 5 0.1406407619
3 5 0.1864548740
4 5 0.2049844259
5 5 0.1946704259
6 5 0.1618089591
7 5 0.1181851054
8 5 0.0758512910
9 5 0.0426137055
10 5 0.0207039770
11 5 0.0083593080
12 5 0.0023529889
13 5 -0.0001866718
14 5 -0.0011212141
15 5 -0.0014144163
16 5 -0.0014800723
17 5 -0.0014685247
18 5 -0.0014267288
19 5 -0.0013676591
20 5 -0.0012948579
21 5 -0.0012096930
22 5 -0.0011131716
23 5 -0.0010063223
24 5 -0.0008902573
25 5 -0.0007661715
26 5 -0.0006353323
27 5 -0.0004990662
28 5 -0.0003587456
29 5 -0.0002157744
30 5 -0.0000715743
31 5 0.0000000000
-31 6 0.0000000000
-30 6 0.0002359962
-29 6 0.0003887900
-28 6 0.0005364670
-27 6 0.0006774969
-26 6 0.0008104273
-25 6 0.0009338978
-24 6 0.0010466538
-23 6 0.0011475585
-22 6 0.0012356040
-21 6 0.0013099201
-20 6 0.0013697770
-19 6 0.0014145552
-18 6 0.0014435541
-17 6 0.0014550779
-16 6 0.0014427856
-15 6 0.0013833428
-14 6 0.0012015186
-13 6 0.0006896950
-12 6 -0.0006362168
-11 6 -0.0037116571
-10 6 -0.0099799379
-9 6 -0.0210628295
-8 6 -0.0378459539
-7 6 -0.0592063720
-6 6 -0.0812180507
-5 6 -0.0978197963
-4 6 -0.1030848369
-3 6 -0.0938464414
-2 6 -0.0708876700
-1 6 -0.0380234530
0 6 -0.0002110563
1 6 0.0376034756
2 6 0.0704740685
3 6 0.0934433660
4 6 0.1026962895
5 6 0.0974495733
6 6 0.0808696900
7 6 0.0588831034
8 6 0.0375506535
9 6 0.0207979799
10 6 0.0097475938
11 6 0.0035134170
12 6 0.0004732011
13 6 -0.0008168587
14 6 -0.0012927031
15 6 -0.0014389223
16 6 -0.0014636292
17 6 -0.0014425364
18 6 -0.0013994393
19 6 -0.0013411140
20 6 -0.0012696577
21 6 -0.0011861345
22 6 -0.0010914836
23 6 -0.0009867063
24 6 -0.0008728919
25 6 -0.0007512123
26 6 -0.0006229101
27 6 -0.0004892863
28 6 -0.0003516865
29 6 -0.0002114876
30 6 -0.0000700836
31 6 0.0000000000
-31 7 0.0000000000
-30 7 0.0002308193
-29 7 0.0003801860
-28 7 0.0005245505
-27 7 0.0006624168
-26 7 0.0007923650
-25 7 0.0009130653
-24 7 0.0010232912
-23 7 0.0011219313
-22 7 0.0012080004
-21 7 0.0012806485
-20 7 0.0013391661
-19 7 0.0013829751
-18 7 0.0014115460
-17 7 0.0014239946
-16 7 0.0014174627
-15 7 0.0013816395
-14 7 0.0012832719
-13 7 0.0010304457
-12 7 0.0004086458
-11 7 -0.0009968497
-10 7 -0.0038260547
-9 7 -0.0087981040
-8 7 -0.0163054047
-7 7 -0.0258490128
-6 7 -0.0356860684
-5 7 -0.0431261972
-4 7 -0.0455386391
-3 7 -0.0415173678
-2 7 -0.0314090483
-1 7 -0.0169057200
0 7 -0.0002063295
1 7 0.0164951480
2 7 0.0310047085
3 7 0.0411233168
4 7 0.0451587886
5 7 0.0427642582
6 7 0.0353454994
7 7 0.0255329710
8 7 0.0160167020
9 7 0.0085391677
10 7 0.0035988938
11 7 0.0008030274
12 7 -0.0005680331
13 7 -0.0011547834
14 7 -0.0013724346
15 7 -0.0014359916
16 7 -0.0014378525
17 7 -0.0014117409
18 7 -0.0013684187
19 7 -0.0013111687
20 7 -0.0012412681
21 7 -0.0011596015
22 7 -0.0010670598
23 7 -0.0009646177
24 7 -0.0008533398
25 7 -0.0007343716
26 7 -0.0006089283
27 7 -0.0004782817
28 7 -0.0003437475
29 7 -0.0002066721
30 7 -0.0000684185
31 7 0.0000000000
-31 8 0.0000000000
-30 8 0.0002250733
-29 8 0.0003706457
-28 8 0.0005113428
-27 8 0.0006457068
-26 8 0.0007723537
-25 8 0.0008899875
-24 8 0.0009974129
-23 8 0.0010935467
-22 8 0.0011774288
-21 8 0.0012482309
-20 8 0.0013052637
-19 8 0.0013479769
-18 8 0.0013759298
-17 8 0.0013886354
-16 8 0.0013849272
-15 8 0.0013608141
-14 8 0.0013034133
-13 8 0.0011769607
-12 8 0.0008977693
-11 8 0.0003038344
-10 8 -0.0008549948
-9 8 -0.0028597787
-8 8 -0.0058635613
-7 8 -0.0096702672
-6 8 -0.0135966425
-5 8 -0.0165883359
-4 8 -0.0176143036
-3 8 -0.0161230863
-2 8 -0.0122495686
-1 8 -0.0066554813
0 8 -0.0002010616
1 8 0.0062553917
2 8 0.0118555516
3 8 0.0157390948
4 8 0.0172441492
5 8 0.0162356348
6 8 0.0132647649
7 8 0.0093622898
8 8 0.0055822246
9 8 0.0026074484
10 8 0.0006336292
11 8 -0.0004927112
12 8 -0.0010530882
13 8 -0.0012981216
14 8 -0.0013902929
15 8 -0.0014137665
16 8 -0.0014047775
17 8 -0.0013766673
18 8 -0.0013338667
19 8 -0.0012779559
20 8 -0.0012098049
21 8 -0.0011302005
22 8 -0.0010399977
23 8 -0.0009401447
24 8 -0.0008316787
25 8 -0.0007157165
26 8 -0.0005934423
27 8 -0.0004660961
28 8 -0.0003349602
29 8 -0.0002013471
30 8 -0.0000665855
31 8 0.0000000000
-31 9 0.0000000000
-30 9 0.0002187804
-29 9 0.0003602056
-28 9 0.0004968945
-27 9 0.0006274306
-26 9 0.0007504696
-25 9 0.0008647523
-24 9 0.0009691174
-23 9 0.0010625125
-22 9 0.0011440049
-21 9 0.0012127901
-20 9 0.0012681992
-19 9 0.0013097030
-18 9 0.0013369052
-17 9 0.0013494900
-16 9 0.0013470052
-15 9 0.0013281199
-14 9 0.0012885277
-13 9 0.0012161098
-12 9 0.0010822776
-11 9 0.0008314652
-10 9 0.0003777273
-9 9 -0.0003754853
-8 9 -0.0014804094
-7 9 -0.0028685652
-6 9 -0.0043030523
-5 9 -0.0054186742
-4 9 -0.0058582507
-3 9 -0.0054303111
-2 9 -0.0041805590
-1 9 -0.0023367599
0 9 -0.0001952804
1 9 0.0019481744
2 9 0.0037978715
3 9 0.0050573610
4 9 0.0054987399
5 9 0.0050761154
6 9 0.0039807189
7 9 0.0025694460
8 9 0.0012071663
9 9 0.0001304167
10 9 -0.0005927187
11 9 -0.0010148983
12 9 -0.0012331132
13 9 -0.0013337640
14 9 -0.0013728797
15 9 -0.0013795123
16 9 -0.0013662384
17 9 -0.0013378098
18 9 -0.0012959839
19 9 -0.0012416153
20 9 -0.0011753916
21 9 -0.0010980455
22 9 -0.0010104021
23 9 -0.0009133818
24 9 -0.0008079923
25 9 -0.0006953188
26 9 -0.0005765118
27 9 -0.0004527762
28 9 -0.0003253582
29 9 -0.0001955330
30 9 -0.0000645916
31 9 0.0000000000
-31 10 0.0000000000
-30 10 0.0002119639
-29 10 0.0003489046
-28 10 0.0004812591
-27 10 0.0006076561
-26 10 0.0007267937
-25 10 0.0008374528
-24 10 0.0009385088
-23 10 0.0010289428
-22 10 0.0011078516
-21 10 0.0011744562
-20 10 0.0012281091
-19 10 0.0012683001
-18 10 0.0012946569
-17 10 0.0013069316
-16 10 0.0013049352
-15 10 0.0012883121
-14 10 0.0012558988
-13 10 0.0012042472
-12 10 0.0011249811
-11 10 0.0010015875
-10 10 0.0008083742
-9 10 0.0005164950
-8 10 0.0001106916
-7 10 -0.0003874116
-6 10 -0.0009047669
-5 10 -0.0013291494
-4 10 -0.0015507384
-3 10 -0.0015102212
-2 10 -0.0012205981
-1 10 -0.0007503840
0 10 -0.0001890150
1 10 0.0003742661
2 10 0.0008501893
3 10 0.0011492381
4 10 0.0012027646
5 10 0.0009975852
6 10 0.0005927813
7 10 0.0000978978
8 10 -0.0003751563
9 10 -0.0007536853
10 10 -0.0010164476
11 10 -0.0011791096
12 10 -0.0012709450
13 10 -0.0013180869
14 10 -0.0013374962
15 10 -0.0013379979
16 10 -0.0013234830
17 10 -0.0012955460
18 10 -0.0012549559
19 10 -0.0012022907
20 10 -0.0011381585
21 10 -0.0010632571
22 10 -0.0009783836
23 10 -0.0008844289
24 10 -0.0007823689
25 10 -0.0006732544
26 10 -0.0005581997
27 10 -0.0004383716
28 10 -0.0003149771
29 10 -0.0001892511
30 10 -0.0000624440
31 10 0.0000000000
-31 11 0.0000000000
-30 11 0.0002046485
-29 11 0.0003367833
-28 11 0.0004644929
-27 11 0.0005864541
-26 11 0.0007014108
-25 11 0.0008081867
-24 11 0.0009056966
-23 11 0.0009929574
-22 11 0.0010690975
-21 11 0.0011333653
-20 11 0.0011851362
-19 11 0.0012239184
-18 11 0.0012493564
-17 11 0.0012612293
-16 11 0.0012594346
-15 11 0.0012439274
-14 11 0.0012145469
-13 11 0.0011706168
-12 11 0.0011102308
-11 11 0.0010293849
-10 11 0.0009216919
-9 11 0.0007799968
-8 11 0.0006008767
-7 11 0.0003909022
-6 11 0.0001705435
-5 11 -0.0000291347
-4 11 -0.0001776741
-3 11 -0.0002581791
-2 11 -0.0002731954
-1 11 -0.0002401990
0 11 -0.0001822958
1 11 -0.0001225482
2 11 -0.0000840449
3 11 -0.0000899693
4 11 -0.0001579256
5 11 -0.0002906364
6 11 -0.0004714291
7 11 -0.0006701111
8 11 -0.0008559225
9 11 -0.0010087325
10 11 -0.0011223397
11 11 -0.0012005605
12 11 -0.0012509621
13 11 -0.0012803569
14 11 -0.0012931809
15 11 -0.0012917733
16 11 -0.0012772374
17 11 -0.0012501500
18 11 -0.0012109546
19 11 -0.0011601290
20 11 -0.0010982416
21 11 -0.0010259620
22 11 -0.0009440586
23 11 -0.0008533912
24 11 -0.0007549014
25 11 -0.0006496032
26 11 -0.0005385721
27 11 -0.0004229342
28 11 -0.0003038542
29 11 -0.0001825240
30 11 -0.0000601503
31 11 0.0000000000
-31 12 0.0000000000
-30 12 0.0001968599
-29 12 0.0003238840
-28 12 0.0004466542
-27 12 0.0005638984
-26 12 0.0006744092
-25 12 0.0007770556
-24 12 0.0008707945
-23 12 0.0009546809
-22 12 0.0010278767
-21 12 0.0010896595
-20 12 0.0011394289
-19 12 0.0011767121
-18 12 0.0012011685
-17 12 0.0012125908
-16 12 0.0012109028
-15 12 0.0011961449
-14 12 0.0011684317
-13 12 0.0011278552
-12 12 0.0010743121
-11 12 0.0010072933
-10 12 0.0009258115
-9 12 0.0008287785
-8 12 0.0007160674
-7 12 0.0005899923
-6 12 0.0004562281
-5 12 0.0003230161
-4 12 0.0001984947
-3 12 0.0000876125
-2 12 -0.0000092785
-1 12 -0.0000953610
0 12 -0.0001751537
1 12 -0.0002531741
2 12 -0.0003339644
3 12 -0.0004221181
4 12 -0.0005209411
5 12 -0.0006302510
6 12 -0.0007453137
7 12 -0.0008582460
8 12 -0.0009610993
9 12 -0.0010485249
10 12 -0.0011185633
11 12 -0.0011717195
12 12 -0.0012094776
13 12 -0.0012332337
14 12 -0.0012439119
15 12 -0.0012420313
16 12 -0.0012279104
17 12 -0.0012018342
18 12 -0.0011641454
19 12 -0.0011152810
20 12 -0.0010557822
21 12 -0.0009862916
22 12 -0.0009075480
23 12 -0.0008203776
24 12 -0.0007256861
25 12 -0.0006244481
26 12 -0.0005176979
27 12 -0.0004065180
28 12 -0.0002920285
29 12 -0.0001753752
30 12 -0.0000577186
31 12 0.0000000000
-31 13 0.0000000000
-30 13 0.0001886246
-29 13 0.0003102507
-28 13 0.0004278037
-27 13 0.0005400655
-26 13 0.0006458801
-25 13 0.0007441646
-24 13 0.0008339202
-23 13 0.0009142421
-22 13 0.0009843278
-21 13 0.0010434854
-20 13 0.0010911402
-19 13 0.0011268396
-18 13 0.0011502574
-17 13 0.0011611966
-16 13 0.0011595897
-15 13 0.0011454956
-14 13 0.0011190903
-13 13 0.0010806440
-12 13 0.0010304820
-11 13 0.0009689367
-10 13 0.0008963272
-9 13 0.0008130327
-8 13 0.0007197080
-7 13 0.0006175866
-6 13 0.0005086652
-5 13 0.0003955284
-4 13 0.0002807801
-3 13 0.0001663866
-2 13 0.0000533722
-1 13 -0.0000579687
0 13 -0.0001676203
1 13 -0.0002755754
2 13 -0.0003818506
3 13 -0.0004865018
4 13 -0.0005893521
5 13 -0.0006895399
6 13 -0.0007853038
7 13 -0.0008742842
8 13 -0.0009541767
9 13 -0.0010232967
10 13 -0.0010807500
11 13 -0.0011262434
12 13 -0.0011597769
13 13 -0.0011814224
14 13 -0.0011912448
15 13 -0.0011893167
16 13 -0.0011757607
17 13 -0.0011507835
18 13 -0.0011146926
19 13 -0.0010679012
20 13 -0.0010109258
21 13 -0.0009443819
22 13 -0.0008689765
23 13 -0.0007855011
24 13 -0.0006948227
25 13 -0.0005978749
26 13 -0.0004956480
27 13 -0.0003891788
28 13 -0.0002795399
29 13 -0.0001678289
30 13 -0.0000551569
31 13 0.0000000000
-31 14 0.0000000000
-30 14 0.0001799697
-29 14 0.0002959282
-28 14 0.0004080032
-27 14 0.0005150337
-26 14 0.0006159172
-25 14 0.0007096216
-24 14 0.0007951945
-23 14 0.0008717733
-22 14 0.0009385929
-21 14 0.0009949937
-20 14 0.0010404276
-19 14 0.0010744632
-18 14 0.0010967896
-17 14 0.0011072191
-16 14 0.0011056885
-15 14 0.0010922586
-14 14 0.0010671110
-13 14 0.0010305428
-12 14 0.0009829554
-11 14 0.0009248422
-10 14 0.0008567798
-9 14 0.0007794356
-8 14 0.0006936012
-7 14 0.0006002411
-6 14 0.0005005186
-5 14 0.0003957550
-4 14 0.0002873154
-3 14 0.0001764775
-2 14 0.0000643658
-1 14 -0.0000480190
0 14 -0.0001597269
1 14 -0.0002698178
2 14 -0.0003773745
3 14 -0.0004815148
4 14 -0.0005813504
5 14 -0.0006759117
6 14 -0.0007641161
7 14 -0.0008448315
8 14 -0.0009170034
9 14 -0.0009797658
10 14 -0.0010324776
11 14 -0.0010746919
12 14 -0.0011061025
13 14 -0.0011265055
14 14 -0.0011357859
15 14 -0.0011339215
16 14 -0.0011209900
17 14 -0.0010971740
18 14 -0.0010627622
19 14 -0.0010181473
20 14 -0.0009638217
21 14 -0.0009003719
22 14 -0.0008284721
23 14 -0.0007488770
24 14 -0.0006624133
25 14 -0.0005699713
26 14 -0.0004724952
27 14 -0.0003709738
28 14 -0.0002664298
29 14 -0.0001599098
30 14 -0.0000524735
31 14 0.0000000000
-31 15 0.0000000000
-30 15 0.0001709231
-29 15 0.0002809624
-28 15 0.0003873163
-27 15 0.0004888829
-26 15 0.0005846162
-25 15 0.0006735367
-24 15 0.0007547408
-23 15 0.0008274097
-22 15 0.0008908175
-21 15 0.0009443382
-20 15 0.0009874518
-19 15 0.0010197489
-18 15 0.0010409343
-17 15 0.0010508301
-16 15 0.0010493766
-15 15 0.0010366320
-14 15 0.0010127716
-13 15 0.0009780845
-12 15 0.0009329692
-11 15 0.0008779270
-10 15 0.0008135566
-9 15 0.0007405492
-8 15 0.0006596877
-7 15 0.0005718471
-6 15 0.0004779915
-5 15 0.0003791586
-4 15 0.0002764322
-3 15 0.0001709121
-2 15 0.0000636933
-1 15 -0.0000441386
0 15 -0.0001515048
1 15 -0.0002573369
2 15 -0.0003605880
3 15 -0.0004602439
4 15 -0.0005553254
5 15 -0.0006448844
6 15 -0.0007280063
7 15 -0.0008038280
8 15 -0.0008715650
9 15 -0.0009305353
10 15 -0.0009801703
11 15 -0.0010200143
12 15 -0.0010497187
13 15 -0.0010690382
14 15 -0.0010778304
15 15 -0.0010760567
16 15 -0.0010637833
17 15 -0.0010411809
18 15 -0.0010085224
19 15 -0.0009661804
20 15 -0.0009146218
21 15 -0.0008544035
22 15 -0.0007861653
23 15 -0.0007106233
24 15 -0.0006285622
25 15 -0.0005408270
26 15 -0.0004483139
27 15 -0.0003519613
28 15 -0.0002527399
29 15 -0.0001516432
30 15 -0.0000496770
31 15 0.0000000000
-31 16 0.0000000000
-30 16 0.0001615131
-29 16 0.0002654000
-28 16 0.0003658072
-27 16 0.0004616944
-26 16 0.0005520743
-25 16 0.0006360219
-24 16 0.0007126843
-23 16 0.0007812885
-22 16 0.0008411492
-21 16 0.0008916755
-20 16 0.0009323764
-19 16 0.0009628652
-18 16 0.0009828635
-17 16 0.0009922034
-16 16 0.0009908282
-15 16 0.0009787933
-14 16 0.0009562647
-13 16 0.0009235164
-12 16 0.0008809274
-11 16 0.0008289767
-10 16 0.0007682380
-9 16 0.0006993735
-8 16 0.0006231274
-7 16 0.0005403194
-6 16 0.0004518362
-5 16 0.0003586216
-4 16 0.0002616637
-3 16 0.0001619820
-2 16 0.0000606149
-1 16 -0.0000413898
0 16 -0.0001429845
1 16 -0.0002431311
2 16 -0.0003408116
3 16 -0.0004350393
4 16 -0.0005248670
5 16 -0.0006093947
6 16 -0.0006877778
7 16 -0.0007592365
8 16 -0.0008230658
9 16 -0.0008786451
10 16 -0.0009254442
11 16 -0.0009630273
12 16 -0.0009910557
13 16 -0.0010092892
14 16 -0.0010175876
15 16 -0.0010159116
16 16 -0.0010043223
17 16 -0.0009829804
18 16 -0.0009521435
19 16 -0.0009121631
20 16 -0.0008634803
21 16 -0.0008066206
22 16 -0.0007421882
23 16 -0.0006708594
24 16 -0.0005933750
25 16 -0.0005105329
26 16 -0.0004231793
27 16 -0.0003322005
28 16 -0.0002385129
29 16 -0.0001430548
30 16 -0.0000467759
31 16 0.0000000000
-31 17 0.0000000000
-30 17 0.0001517681
-29 17 0.0002492880
-28 17 0.0003435409
-27 17 0.0004335504
-26 17 0.0005183896
-25 17 0.0005971903
-24 17 0.0006691519
-23 17 0.0007335488
-22 17 0.0007897377
-21 17 0.0008371640
-20 17 0.0008753666
-19 17 0.0009039829
-18 17 0.0009227515
-17 17 0.0009315144
-16 17 0.0009302189
-15 17 0.0009189169
-14 17 0.0008977642
-13 17 0.0008670182
-12 17 0.0008270352
-11 17 0.0007782657
-10 17 0.0007212494
-9 17 0.0006566094
-8 17 0.0005850450
-7 17 0.0005073247
-6 17 0.0004242775
-5 17 0.0003367840
-4 17 0.0002457668
-3 17 0.0001521801
-2 17 0.0000569994
-1 17 -0.0000387886
0 17 -0.0001341960
1 17 -0.0002282438
2 17 -0.0003199725
3 17 -0.0004084511
4 17 -0.0004927873
5 17 -0.0005721355
6 17 -0.0006457054
7 17 -0.0007127702
8 17 -0.0007726731
9 17 -0.0008248350
10 17 -0.0008687590
11 17 -0.0009040352
12 17 -0.0009303440
13 17 -0.0009474588
14 17 -0.0009552470
15 17 -0.0009536712
16 17 -0.0009427887
17 17 -0.0009227500
18 17 -0.0008937972
19 17 -0.0008562600
20 17 -0.0008105526
21 17 -0.0007571683
22 17 -0.0006966745
23 17 -0.0006297059
24 17 -0.0005569583
25 17 -0.0004791807
26 17 -0.0003971676
27 17 -0.0003117511
28 17 -0.0002237918
29 17 -0.0001341705
30 17 -0.0000437789
31 17 0.0000000000
-31 18 0.0000000000
-30 18 0.0001417170
-29 18 0.0002326740
-28 18 0.0003205830
-27 18 0.0004045336
-26 18 0.0004836611
-25 18 0.0005571559
-24 18 0.0006242713
-23 18 0.0006843304
-22 18 0.0007367335
-21 18 0.0007809632
-20 18 0.0008165896
-19 18 0.0008432743
-18 18 0.0008607737
-17 18 0.0008689406
-16 18 0.0008677257
-15 18 0.0008571775
-14 18 0.0008374413
-13 18 0.0008087574
-12 18 0.0007714581
-11 18 0.0007259638
-10 18 0.0006727780
-9 18 0.0006124820
-8 18 0.0005457284
-7 18 0.0004732336
-6 18 0.0003957706
-5 18 0.0003141600
-4 18 0.0002292617
-3 18 0.0001419653
-2 18 0.0000531809
-1 18 -0.0000361709
0 18 -0.0001251679
1 18 -0.0002128967
2 18 -0.0002984614
3 18 -0.0003809934
4 18 -0.0004596597
5 18 -0.0005336716
6 18 -0.0006022923
7 18 -0.0006648443
8 18 -0.0007207160
9 18 -0.0007693672
10 18 -0.0008103347
11 18 -0.0008432360
12 18 -0.0008677728
13 18 -0.0008837334
14 18 -0.0008909942
15 18 -0.0008895201
16 18 -0.0008793644
17 18 -0.0008606678
18 18 -0.0008336557
19 18 -0.0007986359
20 18 -0.0007559947
21 18 -0.0007061924
22 18 -0.0006497581
23 18 -0.0005872841
24 18 -0.0005194194
25 18 -0.0004468626
26 18 -0.0003703552
27 18 -0.0002906732
28 18 -0.0002086197
29 18 -0.0001250162
30 18 -0.0000406947
31 18 0.0000000000
-31 19 0.0000000000
-30 19 0.0001313887
-29 19 0.0002156055
-28 19 0.0002969993
-27 19 0.0003747270
-26 19 0.0004479882
-25 19 0.0005160332
-24 19 0.0005781707
-23 19 0.0006337741
-22 19 0.0006822881
-21 19 0.0007232337
-20 19 0.0007562129
-19 19 0.0007809125
-18 19 0.0007971070
-17 19 0.0008046601
-16 19 0.0008035264
-15 19 0.0007937507
-14 19 0.0007754677
-13 19 0.0007488999
-12 19 0.0007143552
-11 19 0.0006722226
-10 19 0.0006229686
-9 19 0.0005671316
-8 19 0.0005053156
-7 19 0.0004381842
-6 19 0.0003664530
-5 19 0.0002908818
-4 19 0.0002122668
-3 19 0.0001314315
-2 19 0.0000492187
-1 19 -0.0000335191
0 19 -0.0001159279
1 19 -0.0001971620
2 19 -0.0002763917
3 19 -0.0003528127
4 19 -0.0004256536
5 19 -0.0004941840
6 19 -0.0005577219
7 19 -0.0006156399
8 19 -0.0006673716
9 19 -0.0007124171
10 19 -0.0007503473
11 19 -0.0007808081
12 19 -0.0008035233
13 19 -0.0008182968
14 19 -0.0008250139
15 19 -0.0008236425
16 19 -0.0008142317
17 19 -0.0007969117
18 19 -0.0007718915
19 19 -0.0007394561
20 19 -0.0006999631
21 19 -0.0006538389
22 19 -0.0006015735
23 19 -0.0005437154
24 19 -0.0004808655
25 19 -0.0004136712
26 19 -0.0003428188
27 19 -0.0002690271
28 19 -0.0001930399
29 19 -0.0001156180
30 19 -0.0000375320
31 19 0.0000000000
-31 20 0.0000000000
-30 20 0.0001208119
-29 20 0.0001981302
-28 20 0.0002728555
-27 20 0.0003442138
-26 20 0.0004114703
-25 20 0.0004739368
-24 20 0.0005309786
-23 20 0.0005820206
-22 20 0.0006265530
-21 20 0.0006641360
-20 20 0.0006944045
-19 20 0.0007170710
-18 20 0.0007319284
-17 20 0.0007388518
-16 20 0.0007377995
-15 20 0.0007288129
-14 20 0.0007120156
-13 20 0.0006876122
-12 20 0.0006558851
-11 20 0.0006171918
-10 20 0.0005719607
-9 20 0.0005206860
-8 20 0.0004639225
-7 20 0.0004022793
-6 20 0.0003364136
-5 20 0.0002670230
-4 20 0.0001948385
-3 20 0.0001206162
-2 20 0.0000451299
-1 20 -0.0000308376
0 20 -0.0001065025
1 20 -0.0001810878
2 20 -0.0002538322
3 20 -0.0003239969
4 20 -0.0003908739
5 20 -0.0004537925
6 20 -0.0005121265
7 20 -0.0005652998
8 20 -0.0006127926
9 20 -0.0006541458
10 20 -0.0006889654
11 20 -0.0007169263
12 20 -0.0007377750
13 20 -0.0007513313
14 20 -0.0007574902
15 20 -0.0007562219
16 20 -0.0007475718
17 20 -0.0007316594
18 20 -0.0007086767
19 20 -0.0006788853
20 20 -0.0006426137
21 20 -0.0006002535
22 20 -0.0005522547
23 20 -0.0004991209
24 20 -0.0004414041
25 20 -0.0003796985
26 20 -0.0003146348
27 20 -0.0002468728
28 20 -0.0001770957
29 20 -0.0001060020
30 20 -0.0000342995
31 20 0.0000000000
-31 21 0.0000000000
-30 21 0.0001100156
-29 21 0.0001802956
-28 21 0.0002482172
-27 21 0.0003130768
-26 21 0.0003742065
-25 21 0.0004309809
-24 21 0.0004828231
-23 21 0.0005292105
-22 21 0.0005696795
-21 21 0.0006038308
-20 21 0.0006313324
-19 21 0.0006519232
-18 21 0.0006654150
-17 21 0.0006716945
-16 21 0.0006707238
-15 21 0.0006625406
-14 21 0.0006472576
-13 21 0.0006250608
-12 21 0.0005962070
-11 21 0.0005610213
-10 21 0.0005198932
-9 21 0.0004732720
-8 21 0.0004216622
-7 21 0.0003656175
-6 21 0.0003057354
-5 21 0.0002426500
-4 21 0.0001770258
-3 21 0.0001095504
-2 21 0.0000409269
-1 21 -0.0000281328
0 21 -0.0000969164
1 21 -0.0001647176
2 21 -0.0002308441
3 21 -0.0002946247
4 21 -0.0003554156
5 21 -0.0004126071
6 21 -0.0004656301
7 21 -0.0005139609
8 21 -0.0005571269
9 21 -0.0005947109
10 21 -0.0006263549
11 21 -0.0006517633
12 21 -0.0006707055
13 21 -0.0006830181
14 21 -0.0006886055
15 21 -0.0006874408
16 21 -0.0006795652
17 21 -0.0006650875
18 21 -0.0006441823
19 21 -0.0006170874
20 21 -0.0005841018
21 21 -0.0005455813
22 21 -0.0005019351
23 21 -0.0004536213
24 21 -0.0004011417
25 21 -0.0003450367
26 21 -0.0002858795
27 21 -0.0002242703
28 21 -0.0001608301
29 21 -0.0000961941
30 21 -0.0000310057
31 21 0.0000000000
-31 22 0.0000000000
-30 22 0.0000990284
-29 22 0.0001621491
-28 22 0.0002231498
-27 22 0.0002813986
-26 22 0.0003362958
-25 22 0.0003872796
-24 22 0.0004338321
-23 22 0.0004754838
-22 22 0.0005118187
-21 22 0.0005424781
-20 22 0.0005671641
-19 22 0.0005856421
-18 22 0.0005977435
-17 22 0.0006033666
-16 22 0.0006024774
-15 22 0.0005951102
-14 22 0.0005813661
-13 22 0.0005614124
-12 22 0.0005354799
-11 22 0.0005038609
-10 22 0.0004669052
-9 22 0.0004250166
-8 22 0.0003786481
-7 22 0.0003282975
-6 22 0.0002745012
-5 22 0.0002178290
-4 22 0.0001588779
-3 22 0.0000982653
-2 22 0.0000366229
-1 22 -0.0000254099
0 22 -0.0000871932
1 22 -0.0001480927
2 22 -0.0002074867
3 22 -0.0002647721
4 22 -0.0003193707
5 22 -0.0003707352
6 22 -0.0004183541
7 22 -0.0004617573
8 22 -0.0005005203
9 22 -0.0005342684
10 22 -0.0005626801
11 22 -0.0005854900
12 22 -0.0006024912
13 22 -0.0006135368
14 22 -0.0006185411
15 22 -0.0006174801
16 22 -0.0006103908
17 22 -0.0005973712
18 22 -0.0005785780
19 22 -0.0005542253
20 22 -0.0005245814
21 22 -0.0004899662
22 22 -0.0004507474
23 22 -0.0004073366
24 22 -0.0003601846
25 22 -0.0003097770
26 22 -0.0002566288
27 22 -0.0002012792
28 22 -0.0001442860
29 22 -0.0000862201
30 22 -0.0000276594
31 22 0.0000000000
-31 23 0.0000000000
-30 23 0.0000878788
-29 23 0.0001437377
-28 23 0.0001977182
-27 23 0.0002492613
-26 23 0.0002978363
-25 23 0.0003429461
-24 23 0.0003841324
-23 23 0.0004209799
-22 23 0.0004531205
-21 23 0.0004802371
-20 23 0.0005020661
-19 23 0.0005184001
-18 23 0.0005290900
-17 23 0.0005340460
-16 23 0.0005332383
-15 23 0.0005266974
-14 23 0.0005145130
-13 23 0.0004968333
-12 23 0.0004738629
-11 23 0.0004458605
-10 23 0.0004131360
-9 23 0.0003760467
-8 23 0.0003349940
-7 23 0.0002904182
-6 23 0.0002427945
-5 23 0.0001926271
-4 23 0.0001404444
-3 23 0.0000867929
-2 23 0.0000322319
-1 23 -0.0000226729
0 23 -0.0000773550
1 23 -0.0001312532
2 23 -0.0001838172
3 23 -0.0002345132
4 23 -0.0002828296
5 23 -0.0003282820
6 23 -0.0003704179
7 23 -0.0004088212
8 23 -0.0004431163
9 23 -0.0004729718
10 23 -0.0004981032
11 23 -0.0005182756
12 23 -0.0005333061
13 23 -0.0005430649
14 23 -0.0005474762
15 23 -0.0005465188
16 23 -0.0005402259
17 23 -0.0005286840
18 23 -0.0005120323
19 23 -0.0004904601
20 23 -0.0004642053
21 23 -0.0004335511
22 23 -0.0003988231
23 23 -0.0003603857
24 23 -0.0003186381
25 23 -0.0002740101
26 23 -0.0002269578
27 23 -0.0001779584
28 23 -0.0001275059
29 23 -0.0000761055
30 23 -0.0000242690
31 23 0.0000000000
-31 24 0.0000000000
-30 24 0.0000765952
-29 24 0.0001251080
-28 24 0.0001719870
-27 24 0.0002167464
-26 24 0.0002589256
-25 24 0.0002980928
-24 24 0.0003338502
-23 24 0.0003658372
-22 24 0.0003937343
-21 24 0.0004172661
-20 24 0.0004362041
-19 24 0.0004503682
-18 24 0.0004596293
-17 24 0.0004639095
-16 24 0.0004631832
-15 24 0.0004574772
-14 24 0.0004468696
-13 24 0.0004314893
-12 24 0.0004115144
-11 24 0.0003871696
-10 24 0.0003587244
-9 24 0.0003264895
-8 24 0.0002908135
-7 24 0.0002520791
-6 24 0.0002106991
-5 24 0.0001671117
-4 24 0.0001217758
-3 24 0.0000751664
-2 24 0.0000277691
-1 24 -0.0000199246
0 24 -0.0000674227
1 24 -0.0001142376
2 24 -0.0001598913
3 24 -0.0002039205
4 24 -0.0002458806
5 24 -0.0002853511
6 24 -0.0003219389
7 24 -0.0003552828
8 24 -0.0003850567
9 24 -0.0004109728
10 24 -0.0004327841
11 24 -0.0004502869
12 24 -0.0004633223
13 24 -0.0004717779
14 24 -0.0004755879
15 24 -0.0004747341
16 24 -0.0004692456
17 24 -0.0004591977
18 24 -0.0004447115
19 24 -0.0004259516
20 24 -0.0004031249
21 24 -0.0003764775
22 24 -0.0003462924
23 24 -0.0003128864
24 24 -0.0002766063
25 24 -0.0002378258
26 24 -0.0001969409
27 24 -0.0001543666
28 24 -0.0001105319
29 24 -0.0000658759
30 24 -0.0000208429
31 24 0.0000000000
-31 25 0.0000000000
-30 25 0.0000652056
-29 25 0.0001063064
-28 25 0.0001460199
-27 25 0.0001839347
-26 25 0.0002196603
-25 25 0.0002528313
-24 25 0.0002831106
-23 25 0.0003101929
-22 25 0.0003338078
-21 25 0.0003537222
-20 25 0.0003697425
-19 25 0.0003817166
-18 25 0.0003895352
-17 25 0.0003931328
-16 25 0.0003924879
-15 25 0.0003876235
-14 25 0.0003786061
-13 25 0.0003655452
-12 25 0.0003485919
-11 25 0.0003279371
-10 25 0.0003038092
-9 25 0.0002764717
-8 25 0.0002462203
-7 25 0.0002133795
-6 25 0.0001782992
-5 25 0.0001413508
-4 25 0.0001029233
-3 25 0.0000634194
-2 25 0.0000232505
-1 25 -0.0000171668
0 25 -0.0000574156
1 25 -0.0000970828
2 25 -0.0001357634
3 25 -0.0001730647
4 25 -0.0002086103
5 25 -0.0002420438
6 25 -0.0002730324
7 25 -0.0003012701
8 25 -0.0003264808
9 25 -0.0003484206
10 25 -0.0003668807
11 25 -0.0003816884
12 25 -0.0003927096
13 25 -0.0003998489
14 25 -0.0004030511
15 25 -0.0004023009
16 25 -0.0003976232
17 25 -0.0003890820
18 25 -0.0003767802
19 25 -0.0003608576
20 25 -0.0003414896
21 25 -0.0003188851
22 25 -0.0002932841
23 25 -0.0002649552
24 25 -0.0002341926
25 25 -0.0002013129
26 25 -0.0001666521
27 25 -0.0001305618
28 25 -0.0000934058
29 25 -0.0000555561
30 25 -0.0000173896
31 25 0.0000000000
-31 26 0.0000000000
-30 26 0.0000537377
-29 26 0.0000873787
-28 26 0.0001198804
-27 26 0.0001509060
-26 26 0.0001801363
-25 26 0.0002072720
-24 26 0.0002320376
-23 26 0.0002541832
-22 26 0.0002734879
-21 26 0.0002897609
-20 26 0.0003028443
-19 26 0.0003126138
-18 26 0.0003189802
-17 26 0.0003218903
-16 26 0.0003213269
-15 26 0.0003173091
-14 26 0.0003098917
-13 26 0.0002991648
-12 26 0.0002852523
-11 26 0.0002683110
-10 26 0.0002485280
-9 26 0.0002261195
-8 26 0.0002013277
-7 26 0.0001744185
-6 26 0.0001456787
-5 26 0.0001154124
-4 26 0.0000839384
-3 26 0.0000515863
-2 26 0.0000186930
-1 26 -0.0000144002
0 26 -0.0000473521
1 26 -0.0000798245
2 26 -0.0001114859
3 26 -0.0001420150
4 26 -0.0001711035
5 26 -0.0001984599
6 26 -0.0002238119
7 26 -0.0002469092
8 26 -0.0002675258
9 26 -0.0002854625
10 26 -0.0003005484
11 26 -0.0003126426
12 26 -0.0003216353
13 26 -0.0003274490
14 26 -0.0003300386
15 26 -0.0003293920
16 26 -0.0003255297
17 26 -0.0003185046
18 26 -0.0003084012
19 26 -0.0002953342
20 26 -0.0002794475
21 26 -0.0002609124
22 26 -0.0002399257
23 26 -0.0002167075
24 26 -0.0001914989
25 26 -0.0001645594
26 26 -0.0001361642
27 26 -0.0001066014
28 26 -0.0000761688
29 26 -0.0000451712
30 26 -0.0000139172
31 26 0.0000000000
-31 27 0.0000000000
-30 27 0.0000422191
-29 27 0.0000683702
-28 27 0.0000936310
-27 27 0.0001177398
-26 27 0.0001404484
-25 27 0.0001615245
-24 27 0.0001807540
-23 27 0.0001979429
-22 27 0.0002129198
-21 27 0.0002255367
-20 27 0.0002356712
-19 27 0.0002432270
-18 27 0.0002481352
-17 27 0.0002503549
-16 27 0.0002498732
-15 27 0.0002467053
-14 27 0.0002408943
-13 27 0.0002325107
-12 27 0.0002216514
-11 27 0.0002084385
-10 27 0.0001930181
-9 27 0.0001755585
-8 27 0.0001562485
-7 27 0.0001352952
-6 27 0.0001129217
-5 27 0.0000893649
-4 27 0.0000648728
-3 27 0.0000397018
-2 27 0.0000141143
-1 27 -0.0000116247
0 27 -0.0000372496
1 27 -0.0000624974
2 27 -0.0000871104
3 27 -0.0001108389
4 27 -0.0001334433
5 27 -0.0001546972
6 27 -0.0001743888
7 27 -0.0001923238
8 27 -0.0002083269
9 27 -0.0002222434
10 27 -0.0002339406
11 27 -0.0002433094
12 27 -0.0002502648
13 27 -0.0002547469
14 27 -0.0002567209
15 27 -0.0002561778
16 27 -0.0002531340
17 27 -0.0002476311
18 27 -0.0002397350
19 27 -0.0002295354
20 27 -0.0002171445
21 27 -0.0002026960
22 27 -0.0001863431
23 27 -0.0001682572
24 27 -0.0001486263
25 27 -0.0001276523
26 27 -0.0001055495
27 27 -0.0000825420
28 27 -0.0000588617
29 27 -0.0000347457
30 27 -0.0000104341
31 27 0.0000000000
-31 28 0.0000000000
-30 28 0.0000306770
-29 28 0.0000493258
-28 28 0.0000673338
-27 28 0.0000845143
-26 28 0.0001006905
-25 28 0.0001156970
-24 28 0.0001293813
-23 28 0.0001416055
-22 28 0.0001522475
-21 28 0.0001612023
-20 28 0.0001683831
-19 28 0.0001737217
-18 28 0.0001771696
-17 28 0.0001786980
-16 28 0.0001782983
-15 28 0.0001759819
-14 28 0.0001717803
-13 28 0.0001657443
-12 28 0.0001579435
-11 28 0.0001484657
-10 28 0.0001374155
-9 28 0.0001249135
-8 28 0.0001110949
-7 28 0.0000961078
-6 28 0.0000801119
-5 28 0.0000632763
-4 28 0.0000457784
-3 28 0.0000278012
-2 28 0.0000095321
-1 28 -0.0000088396
0 28 -0.0000271245
1 28 -0.0000451349
2 28 -0.0000626870
3 28 -0.0000796028
4 28 -0.0000957115
5 28 -0.0001108517
6 28 -0.0001248728
7 28 -0.0001376362
8 28 -0.0001490174
9 28 -0.0001589062
10 28 -0.0001672085
11 28 -0.0001738469
12 28 -0.0001787612
13 28 -0.0001819090
14 28 -0.0001832663
15 28 -0.0001828269
16 28 -0.0001806032
17 28 -0.0001766252
18 28 -0.0001709406
19 28 -0.0001636138
20 28 -0.0001547253
21 28 -0.0001443710
22 28 -0.0001326607
23 28 -0.0001197171
24 28 -0.0001056746
25 28 -0.0000906775
26 28 -0.0000748792
27 28 -0.0000584398
28 28 -0.0000415249
29 28 -0.0000243039
30 28 -0.0000069481
31 28 0.0000000000
-31 29 0.0000000000
-30 29 0.0000191382
-29 29 0.0000302900
-28 29 0.0000410502
-27 29 0.0000513072
-26 29 0.0000609557
-25 29 0.0000698968
-24 29 0.0000780399
-23 29 0.0000853029
-22 29 0.0000916134
-21 29 0.0000969091
-20 29 0.0001011386
-19 29 0.0001042621
-18 29 0.0001062510
-17 29 0.0001070891
-16 29 0.0001067720
-15 29 0.0001053074
-14 29 0.0001027148
-13 29 0.0000990255
-12 29 0.0000942819
-11 29 0.0000885374
-10 29 0.0000818553
-9 29 0.0000743084
-8 29 0.0000659783
-7 29 0.0000569543
-6 29 0.0000473325
-5 29 0.0000372145
-4 29 0.0000267068
-3 29 0.0000159195
-2 29 0.0000049648
-1 29 -0.0000060438
0 29 -0.0000169927
1 29 -0.0000277697
2 29 -0.0000382649
3 29 -0.0000483718
4 29 -0.0000579884
5 29 -0.0000670184
6 29 -0.0000753720
7 29 -0.0000829668
8 29 -0.0000897286
9 29 -0.0000955921
10 29 -0.0001005015
11 29 -0.0001044111
12 29 -0.0001072855
13 29 -0.0001091001
14 29 -0.0001098412
15 29 -0.0001095058
16 29 -0.0001081020
17 29 -0.0001056486
18 29 -0.0001021748
19 29 -0.0000977198
20 29 -0.0000923326
21 29 -0.0000860712
22 29 -0.0000790018
23 29 -0.0000711985
24 29 -0.0000627423
25 29 -0.0000537202
26 29 -0.0000442241
27 29 -0.0000343504
28 29 -0.0000241985
29 29 -0.0000138699
30 29 -0.0000034675
31 29 0.0000000000
-31 30 0.0000000000
-30 30 0.0000076296
-29 30 0.0000113068
-28 30 0.0000148409
-27 30 0.0000181954
-26 30 0.0000213358
-25 30 0.0000242301
-24 30 0.0000268490
-23 30 0.0000291662
-22 30 0.0000311586
-21 30 0.0000328066
-20 30 0.0000340946
-19 30 0.0000350103
-18 30 0.0000355456
-17 30 0.0000356965
-16 30 0.0000354628
-15 30 0.0000348484
-14 30 0.0000338611
-13 30 0.0000325127
-12 30 0.0000308184
-11 30 0.0000287972
-10 30 0.0000264713
-9 30 0.0000238659
-8 30 0.0000210092
-7 30 0.0000179317
-6 30 0.0000146660
-5 30 0.0000112467
-4 30 0.0000077096
-3 30 0.0000040917
-2 30 0.0000004307
-1 30 -0.0000032357
0 30 -0.0000068697
1 30 -0.0000104341
2 30 -0.0000138925
3 30 -0.0000172100
4 30 -0.0000203532
5 30 -0.0000232907
6 30 -0.0000259933
7 30 -0.0000284345
8 30 -0.0000305904
9 30 -0.0000324404
10 30 -0.0000339670
11 30 -0.0000351561
12 30 -0.0000359970
13 30 -0.0000364828
14 30 -0.0000366100
15 30 -0.0000363790
16 30 -0.0000357937
17 30 -0.0000348613
18 30 -0.0000335930
19 30 -0.0000320027
20 30 -0.0000301078
21 30 -0.0000279286
22 30 -0.0000254881
23 30 -0.0000228118
24 30 -0.0000199274
25 30 -0.0000168643
26 30 -0.0000136539
27 30 -0.0000103286
28 30 -0.0000069218
29 30 -0.0000034675
30 30 -0.0000000000
31 30 0.0000000000
-31 31 0.0000000000
-30 31 0.0000000000
-29 31 0.0000000000
-28 31 0.0000000000
-27 31 0.0000000000
-26 31 0.0000000000
-25 31 0.0000000000
-24 31 0.0000000000
-23 31 0.0000000000
-22 31 0.0000000000
-21 31 0.0000000000
-20 31 0.0000000000
-19 31 0.0000000000
-18 31 0.0000000000
-17 31 0.0000000000
-16 31 0.0000000000
-15 31 0.0000000000
-14 31 0.0000000000
-13 31 0.0000000000
-12 31 0.0000000000
-11 31 0.0000000000
-10 31 0.0000000000
-9 31 0.0000000000
-8 31 0.0000000000
-7 31 0.0000000000
-6 31 0.0000000000
-5 31 0.0000000000
-4 31 0.0000000000
-3 31 0.0000000000
-2 31 0.0000000000
-1 31 0.0000000000
0 31 0.0000000000
1 31 0.0000000000
2 31 0.0000000000
3 31 0.0000000000
4 31 0.0000000000
5 31 0.0000000000
6 31 0.0000000000
7 31 0.0000000000
8 31 0.0000000000
9 31 0.0000000000
10 31 0.0000000000
11 31 0.0000000000
12 31 0.0000000000
13 31 0.0000000000
14 31 0.0000000000
15 31 0.0000000000
16 31 0.0000000000
17 31 0.0000000000
18 31 0.0000000000
19 31 0.0000000000
20 31 0.0000000000
21 31 0.0000000000
22 31 0.0000000000
23 31 0.0000000000
24 31 0.0000000000
25 31 0.0000000000
26 31 0.0000000000
27 31 0.0000000000
28 31 0.0000000000
29 31 0.0000000000
30 31 0.0000000000
31 31 0.0000000000
