-31 -31 0.0000000000
-30 -31 0.0000000000
-29 -31 0.0000000000
-28 -31 0.0000000000
-27 -31 0.0000000000
-26 -31 0.0000000000
-25 -31 0.0000000000
-24 -31 0.0000000000
-23 -31 0.0000000000
-22 -31 0.0000000000
-21 -31 0.0000000000
-20 -31 0.0000000000
-19 -31 0.0000000000
-18 -31 0.0000000000
-17 -31 0.0000000000
-16 -31 0.0000000000
-15 -31 0.0000000000
-14 -31 0.0000000000
-13 -31 0.0000000000
-12 -31 0.0000000000
-11 -31 0.0000000000
-10 -31 0.0000000000
-9 -31 0.0000000000
-8 -31 0.0000000000
-7 -31 0.0000000000
-6 -31 0.0000000000
-5 -31 0.0000000000
-4 -31 0.0000000000
-3 -31 0.0000000000
-2 -31 0.0000000000
-1 -31 0.0000000000
0 -31 0.0000000000
1 -31 0.0000000000
2 -31 0.0000000000
3 -31 0.0000000000
4 -31 0.0000000000
5 -31 0.0000000000
6 -31 0.0000000000
7 -31 0.0000000000
8 -31 0.0000000000
9 -31 0.0000000000
10 -31 0.0000000000
11 -31 0.0000000000
12 -31 0.0000000000
13 -31 0.0000000000
14 -31 0.0000000000
15 -31 0.0000000000
16 -31 0.0000000000
17 -31 0.0000000000
18 -31 0.0000000000
19 -31 0.0000000000
20 -31 0.0000000000
21 -31 0.0000000000
22 -31 0.0000000000
23 -31 0.0000000000
24 -31 0.0000000000
25 -31 0.0000000000
26 -31 0.0000000000
27 -31 0.0000000000
28 -31 0.0000000000
29 -31 0.0000000000
30 -31 0.0000000000
31 -31 0.0000000000
-31 -30 0.0000000000
-30 -30 -0.0000065282
-29 -30 -0.0000144306
-28 -30 -0.0000245054
-27 -30 -0.0000376957
-26 -30 -0.0000551021
-25 -30 -0.0000779843
-24 -30 -0.0001077435
-23 -30 -0.0001458823
-22 -30 -0.0001939355
-21 -30 -0.0002533703
-20 -30 -0.0003254539
-19 -30 -0.0004110931
-18 -30 -0.0005106521
-17 -30 -0.0006237633
-16 -30 -0.0007491460
-15 -30 -0.0008844572
-14 -30 -0.0010261965
-13 -30 -0.0011696883
-12 -30 -0.0013091631
-11 -30 -0.0014379488
-10 -30 -0.0015487760
-9 -30 -0.0016341881
-8 -30 -0.0016870324
-7 -30 -0.0017009962
-6 -30 -0.0016711421
-5 -30 -0.0015943898
-4 -30 -0.0014698928
-3 -30 -0.0012992644
-2 -30 -0.0010866210
-1 -30 -0.0008384280
0 -30 -0.0005631548
1 -30 -0.0002707665
2 -30 0.0000279042
3 -30 0.0003218455
4 -30 0.0006005545
5 -30 0.0008546618
6 -30 0.0010764420
7 -30 0.0012601726
8 -30 0.0014023216
9 -30 0.0015015633
10 -30 0.0015586377
11 -30 0.0015760829
12 -30 0.0015578783
13 -30 0.0015090376
14 -30 0.0014351921
15 -30 0.0013421975
16 -30 0.0012357893
17 -30 0.0011213037
18 -30 0.0010034722
19 -30 0.0008862897
20 -30 0.0007729491
21 -30 0.0006658323
22 -30 0.0005665450
23 -30 0.0004759799
24 -30 0.0003943974
25 -30 0.0003215111
26 -30 0.0002565691
27 -30 0.0001984259
28 -30 0.0001456001
29 -30 0.0000963178
30 -30 0.0000485432
31 -30 0.0000000000
-31 -29 0.0000000000
-30 -29 -0.0000147375
-29 -29 -0.0000325159
-28 -29 -0.0000551030
-27 -29 -0.0000845778
-26 -29 -0.0001233578
-25 -29 -0.0001741985
-24 -29 -0.0002401537
-23 -29 -0.0003244847
-22 -29 -0.0004305078
-21 -29 -0.0005613745
-20 -29 -0.0007197827
-19 -29 -0.0009076275
-18 -29 -0.0011256075
-17 -29 -0.0013728149
-16 -29 -0.0016463487
-15 -29 -0.0019409954
-14 -29 -0.0022490306
-13 -29 -0.0025601902
-12 -29 -0.0028618554
-11 -29 -0.0031394780
-10 -29 -0.0033772520
-9 -29 -0.0035590106
-8 -29 -0.0036692974
-7 -29 -0.0036945321
-6 -29 -0.0036241705
-5 -29 -0.0034517445
-4 -29 -0.0031756695
-3 -29 -0.0027997202
-2 -29 -0.0023331073
-1 -29 -0.0017901232
0 -29 -0.0011893734
1 -29 -0.0005526547
2 -29 0.0000964219
3 -29 0.0007339354
4 -29 0.0013371489
5 -29 0.0018858604
6 -29 0.0023634993
7 -29 0.0027578873
8 -29 0.0030616251
9 -29 0.0032721047
10 -29 0.0033911837
11 -29 0.0034245884
12 -29 0.0033811253
13 -29 0.0032717931
14 -29 0.0031088762
15 -29 0.0029050956
16 -29 0.0026728674
17 -29 0.0024237081
18 -29 0.0021677996
19 -29 0.0019137122
20 -29 0.0016682732
21 -29 0.0014365552
22 -29 0.0012219560
23 -29 0.0010263413
24 -29 0.0008502213
25 -29 0.0006929372
26 -29 0.0005528383
27 -29 0.0004274377
28 -29 0.0003135378
29 -29 0.0002073243
30 -29 0.0001044336
31 -29 0.0000000000
-31 -28 0.0000000000
-30 -28 -0.0000258503
-29 -28 -0.0000569125
-28 -28 -0.0000962275
-27 -28 -0.0001473550
-26 -28 -0.0002144159
-25 -28 -0.0003020883
-24 -28 -0.0004155367
-23 -28 -0.0005602534
-22 -28 -0.0007417982
-21 -28 -0.0009654226
-20 -28 -0.0012355812
-19 -28 -0.0015553410
-18 -28 -0.0019257193
-17 -28 -0.0023449966
-16 -28 -0.0028080699
-15 -28 -0.0033059242
-14 -28 -0.0038253093
-13 -28 -0.0043487054
-12 -28 -0.0048546506
-11 -28 -0.0053184752
-10 -28 -0.0057134523
-9 -28 -0.0060123275
-8 -28 -0.0061891400
-7 -28 -0.0062211997
-6 -28 -0.0060910477
-5 -28 -0.0057882067
-4 -28 -0.0053105276
-3 -28 -0.0046649673
-2 -28 -0.0038676811
-1 -28 -0.0029433807
0 -28 -0.0019239888
1 -28 -0.0008466974
2 -28 0.0002483966
3 -28 0.0013208585
4 -28 0.0023324498
5 -28 0.0032494015
6 -28 0.0040442391
7 -28 0.0046970258
8 -28 0.0051959631
9 -28 0.0055373548
10 -28 0.0057250027
11 -28 0.0057691503
12 -28 0.0056851190
13 -28 0.0054917869
14 -28 0.0052100549
15 -28 0.0048614199
16 -28 0.0044667437
17 -28 0.0040452745
18 -28 0.0036139412
19 -28 0.0031869172
20 -28 0.0027754240
21 -28 0.0023877341
22 -28 0.0020293241
23 -28 0.0017031267
24 -28 0.0014098366
25 -28 0.0011482288
26 -28 0.0009154592
27 -28 0.0007073259
28 -28 0.0005184806
29 -28 0.0003425863
30 -28 0.0001724296
31 -28 0.0000000000
-31 -27 0.0000000000
-30 -27 -0.0000414296
-29 -27 -0.0000910037
-28 -27 -0.0001535045
-27 -27 -0.0002345011
-26 -27 -0.0003404120
-25 -27 -0.0004784943
-24 -27 -0.0006567283
-23 -27 -0.0008835683
-22 -27 -0.0011675337
-21 -27 -0.0015166259
-20 -27 -0.0019375707
-19 -27 -0.0024349068
-18 -27 -0.0030099653
-17 -27 -0.0036598151
-16 -27 -0.0043762728
-15 -27 -0.0051450980
-14 -27 -0.0059455088
-13 -27 -0.0067501469
-12 -27 -0.0075256038
-11 -27 -0.0082335795
-10 -27 -0.0088326867
-9 -27 -0.0092808419
-8 -27 -0.0095381072
-7 -27 -0.0095697690
-6 -27 -0.0093493822
-5 -27 -0.0088614766
-4 -27 -0.0081036209
-3 -27 -0.0070875863
-2 -27 -0.0058394285
-1 -27 -0.0043984152
0 -27 -0.0028148549
1 -27 -0.0011470017
2 -27 0.0005426841
3 -27 0.0021915668
4 -27 0.0037407835
5 -27 0.0051387524
6 -27 0.0063439489
7 -27 0.0073267517
8 -27 0.0080702692
9 -27 0.0085701711
10 -27 0.0088336448
11 -27 0.0088776665
12 -27 0.0087268204
13 -27 0.0084109048
14 -27 0.0079625487
15 -27 0.0074150211
16 -27 0.0068003658
17 -27 0.0061479399
18 -27 0.0054833834
19 -27 0.0048280034
20 -27 0.0041985256
21 -27 0.0036071446
22 -27 0.0030617956
23 -27 0.0025665696
24 -27 0.0021222003
25 -27 0.0017265640
26 -27 0.0013751463
27 -27 0.0010614441
28 -27 0.0007772883
29 -27 0.0005130851
30 -27 0.0002579845
31 -27 0.0000000000
-31 -26 0.0000000000
-30 -26 -0.0000634873
-29 -26 -0.0001391311
-28 -26 -0.0002341280
-27 -26 -0.0003568159
-26 -26 -0.0005167621
-25 -26 -0.0007247423
-24 -26 -0.0009925634
-23 -26 -0.0013326886
-22 -26 -0.0017576268
-21 -26 -0.0022790664
-20 -26 -0.0029067520
-19 -26 -0.0036471366
-18 -26 -0.0045018750
-17 -26 -0.0054662692
-16 -26 -0.0065278108
-15 -26 -0.0076650012
-14 -26 -0.0088466477
-13 -26 -0.0100318295
-12 -26 -0.0111706996
-11 -26 -0.0122062303
-10 -26 -0.0130769237
-9 -26 -0.0137203994
-8 -26 -0.0140776548
-7 -26 -0.0140976763
-6 -26 -0.0137419925
-5 -26 -0.0129887050
-4 -26 -0.0118355397
-3 -26 -0.0103015239
-2 -26 -0.0084270182
-1 -26 -0.0062719999
0 -26 -0.0039126869
1 -26 -0.0014367824
2 -26 0.0010622238
3 -26 0.0034911540
4 -26 0.0057630643
5 -26 0.0078024488
6 -26 0.0095492907
7 -26 0.0109616705
8 -26 0.0120168200
9 -26 0.0127106769
10 -26 0.0130561422
11 -26 0.0130803479
12 -26 0.0128212939
13 -26 0.0123242220
14 -26 0.0116380585
15 -26 0.0108121917
16 -26 0.0098937711
17 -26 0.0089256313
18 -26 0.0079448672
19 -26 0.0069820248
20 -26 0.0060608278
21 -26 0.0051983311
22 -26 0.0044053850
23 -26 0.0036872926
24 -26 0.0030445582
25 -26 0.0024736395
26 -26 0.0019676416
27 -26 0.0015169094
28 -26 0.0011094979
29 -26 0.0007315210
30 -26 0.0003673939
31 -26 0.0000000000
-31 -25 0.0000000000
-30 -25 -0.0000945993
-29 -25 -0.0002068361
-28 -25 -0.0003472543
-27 -25 -0.0005280075
-26 -25 -0.0007629841
-25 -25 -0.0010677706
-24 -25 -0.0014593909
-23 -25 -0.0019557595
-22 -25 -0.0025747970
-21 -25 -0.0033331781
-20 -25 -0.0042447113
-19 -25 -0.0053183957
-18 -25 -0.0065562513
-17 -25 -0.0079510787
-16 -25 -0.0094843587
-15 -25 -0.0111245533
-14 -25 -0.0128260931
-13 -25 -0.0145293368
-12 -25 -0.0161617469
-11 -25 -0.0176404419
-10 -25 -0.0188761618
-9 -25 -0.0197785225
-8 -25 -0.0202622607
-7 -25 -0.0202539986
-6 -25 -0.0196989174
-5 -25 -0.0185666542
-4 -25 -0.0168557356
-3 -25 -0.0145959600
-2 -25 -0.0118483248
-1 -25 -0.0087023506
0 -25 -0.0052709480
1 -25 -0.0016832571
2 -25 0.0019238679
3 -25 0.0054149047
4 -25 0.0086643678
5 -25 0.0115643673
6 -25 0.0140303803
7 -25 0.0160048303
8 -25 0.0174583351
9 -25 0.0183887437
10 -25 0.0188182952
11 -25 0.0187893823
12 -25 0.0183594715
13 -25 0.0175957273
14 -25 0.0165698248
15 -25 0.0153533275
16 -25 0.0140138847
17 -25 0.0126123737
18 -25 0.0112010057
19 -25 0.0098223215
20 -25 0.0085089469
21 -25 0.0072839417
22 -25 0.0061615661
23 -25 0.0051482987
24 -25 0.0042439566
25 -25 0.0034428021
26 -25 0.0027345463
27 -25 0.0021051979
28 -25 0.0015377293
29 -25 0.0010125648
30 -25 0.0005079147
31 -25 0.0000000000
-31 -24 0.0000000000
-30 -24 -0.0001380177
-29 -24 -0.0003010983
-28 -24 -0.0005043878
-27 -24 -0.0007652614
-26 -24 -0.0011034985
-25 -24 -0.0015412271
-24 -24 -0.0021025509
-23 -24 -0.0028127730
-22 -24 -0.0036971426
-21 -24 -0.0047790826
-20 -24 -0.0060778984
-19 -24 -0.0076060274
-18 -24 -0.0093659664
-17 -24 -0.0113470917
-16 -24 -0.0135226729
-15 -24 -0.0158474467
-14 -24 -0.0182561615
-13 -24 -0.0206635038
-12 -24 -0.0229657617
-11 -24 -0.0250444702
-10 -24 -0.0267720991
-9 -24 -0.0280196182
-8 -24 -0.0286655155
-7 -24 -0.0286055864
-6 -24 -0.0277626056
-5 -24 -0.0260948664
-4 -24 -0.0236025753
-3 -24 -0.0203312244
-2 -24 -0.0163713443
-1 -24 -0.0118544222
0 -24 -0.0069452115
1 -24 -0.0018310935
2 -24 0.0032904931
3 -24 0.0082253088
4 -24 0.0127949552
5 -24 0.0168477088
6 -24 0.0202666204
7 -24 0.0229743154
8 -24 0.0249343417
9 -24 0.0261492958
10 -24 0.0266562711
11 -24 0.0265203812
12 -24 0.0258271904
13 -24 0.0246748608
14 -24 0.0231667094
15 -24 0.0214046978
16 -24 0.0194841874
17 -24 0.0174901045
18 -24 0.0154945042
19 -24 0.0135553993
20 -24 0.0117166423
21 -24 0.0100086122
22 -24 0.0084494478
23 -24 0.0070465902
24 -24 0.0057984316
25 -24 0.0046959092
26 -24 0.0037239315
27 -24 0.0028625663
28 -24 0.0020879643
29 -24 0.0013730248
30 -24 0.0006878428
31 -24 0.0000000000
-31 -23 0.0000000000
-30 -23 -0.0001977730
-29 -23 -0.0004305470
-28 -23 -0.0007197229
-27 -23 -0.0010897429
-26 -23 -0.0015683354
-25 -23 -0.0021864395
-24 -23 -0.0029776866
-23 -23 -0.0039773217
-22 -23 -0.0052204623
-21 -23 -0.0067396353
-20 -23 -0.0085615881
-19 -23 -0.0107034551
-18 -23 -0.0131684635
-17 -23 -0.0159414740
-16 -23 -0.0189847722
-15 -23 -0.0222346231
-14 -23 -0.0255991669
-13 -23 -0.0289582460
-12 -23 -0.0321656810
-11 -23 -0.0350543622
-10 -23 -0.0374442716
-9 -23 -0.0391532239
-8 -23 -0.0400097371
-7 -23 -0.0398670655
-6 -23 -0.0386171074
-5 -23 -0.0362027069
-4 -23 -0.0326268506
-3 -23 -0.0279574631
-2 -23 -0.0223269057
-1 -23 -0.0159258610
0 -23 -0.0089919489
1 -23 -0.0017940702
2 -23 0.0053859900
3 -23 0.0122728335
4 -23 0.0186156561
5 -23 0.0242036369
6 -23 0.0288771743
7 -23 0.0325341975
8 -23 0.0351314019
9 -23 0.0366808350
10 -23 0.0372427115
11 -23 0.0369156169
12 -23 0.0358253500
13 -23 0.0341135848
14 -23 0.0319273307
15 -23 0.0294099018
16 -23 0.0266938135
17 -23 0.0238957560
18 -23 0.0211135684
19 -23 0.0184249807
20 -23 0.0158877916
21 -23 0.0135411086
22 -23 0.0114072832
23 -23 0.0094942089
24 -23 0.0077977063
25 -23 0.0063037827
26 -23 0.0049906223
27 -23 0.0038302211
28 -23 0.0027896399
29 -23 0.0018318932
30 -23 0.0009165305
31 -23 0.0000000000
-31 -22 0.0000000000
-30 -22 -0.0002787496
-29 -22 -0.0006056185
-28 -22 -0.0010103950
-27 -22 -0.0015269639
-26 -22 -0.0021936508
-25 -22 -0.0030531293
-24 -22 -0.0041517205
-23 -22 -0.0055379254
-22 -22 -0.0072600516
-21 -22 -0.0093628450
-20 -22 -0.0118831195
-19 -22 -0.0148444859
-18 -22 -0.0182514220
-17 -22 -0.0220830818
-16 -22 -0.0262874075
-15 -22 -0.0307762498
-14 -22 -0.0354223054
-13 -22 -0.0400587058
-12 -22 -0.0444820144
-11 -22 -0.0484591839
-10 -22 -0.0517386879
-9 -22 -0.0540655776
-8 -22 -0.0551996690
-7 -22 -0.0549355051
-6 -22 -0.0531222495
-5 -22 -0.0496813549
-4 -22 -0.0446198033
-3 -22 -0.0380369823
-2 -22 -0.0301238597
-1 -22 -0.0211539708
0 -22 -0.0114667307
1 -22 -0.0014445649
2 -22 0.0085138442
3 -22 0.0180214086
4 -22 0.0267287022
5 -22 0.0343456751
6 -22 0.0406570954
7 -22 0.0455306767
8 -22 0.0489177882
9 -22 0.0508475045
10 -22 0.0514153997
11 -22 0.0507688643
12 -22 0.0490908115
13 -22 0.0465834726
14 -22 0.0434536510
15 -22 0.0399003725
16 -22 0.0361054390
17 -22 0.0322269985
18 -22 0.0283959419
19 -22 0.0247147297
20 -22 0.0212581357
21 -22 0.0180753631
22 -22 0.0151930132
23 -22 0.0126184509
24 -22 0.0103432011
25 -22 0.0083461023
26 -22 0.0065960379
27 -22 0.0050541477
28 -22 0.0036754959
29 -22 0.0024102313
30 -22 0.0012043240
31 -22 0.0000000000
-31 -21 0.0000000000
-30 -21 -0.0003867193
-29 -21 -0.0008386209
-28 -21 -0.0013965809
-27 -21 -0.0021069277
-26 -21 -0.0030219320
-25 -21 -0.0041997050
-24 -21 -0.0057032793
-23 -21 -0.0075986556
-22 -21 -0.0099516232
-21 -21 -0.0128232306
-20 -21 -0.0162638827
-19 -21 -0.0203061867
-18 -21 -0.0249568567
-17 -21 -0.0301881986
-16 -21 -0.0359299261
-15 -21 -0.0420622653
-14 -21 -0.0484114637
-13 -21 -0.0547488799
-12 -21 -0.0607947505
-11 -21 -0.0662274763
-10 -21 -0.0706988154
-9 -21 -0.0738547313
-8 -21 -0.0753608573
-7 -21 -0.0749307097
-6 -21 -0.0723540331
-5 -21 -0.0675221532
-4 -21 -0.0604470894
-3 -21 -0.0512715390
-2 -21 -0.0402677066
-1 -21 -0.0278242189
0 -21 -0.0144218663
1 -21 -0.0006003948
2 -21 0.0130802196
3 -21 0.0260798534
4 -21 0.0379154007
5 -21 0.0481912521
6 -21 0.0566203409
7 -21 0.0630343649
8 -21 0.0673832158
9 -21 0.0697249269
10 -21 0.0702083713
11 -21 0.0690514305
12 -21 0.0665173921
13 -21 0.0628920153
14 -21 0.0584631374
15 -21 0.0535040346
16 -21 0.0482610992
17 -21 0.0429458484
18 -21 0.0377308678
19 -21 0.0327490389
20 -21 0.0280952744
21 -21 0.0238299763
22 -21 0.0199834952
23 -21 0.0165609796
24 -21 0.0135471378
25 -21 0.0109105705
26 -21 0.0086074593
27 -21 0.0065845061
28 -21 0.0047811112
29 -21 0.0031308550
30 -21 0.0015624026
31 -21 0.0000000000
-31 -20 0.0000000000
-30 -20 -0.0005283115
-29 -20 -0.0011436662
-28 -20 -0.0019013814
-27 -20 -0.0028639529
-26 -20 -0.0041017542
-25 -20 -0.0056929490
-24 -20 -0.0077223216
-23 -20 -0.0102787317
-22 -20 -0.0134509353
-21 -20 -0.0173215915
-20 -20 -0.0219594061
-19 -20 -0.0274095488
-18 -20 -0.0336827255
-17 -20 -0.0407435730
-16 -20 -0.0484993551
-15 -20 -0.0567902401
-14 -20 -0.0653826781
-13 -20 -0.0739675235
-12 -20 -0.0821644861
-11 -20 -0.0895341961
-10 -20 -0.0955985786
-9 -20 -0.0998693580
-8 -20 -0.1018833968
-7 -20 -0.1012423420
-6 -20 -0.0976529004
-5 -20 -0.0909632294
-4 -20 -0.0811906522
-3 -20 -0.0685363650
-2 -20 -0.0533840321
-1 -20 -0.0362810549
0 -20 -0.0179035578
1 -20 0.0009916161
2 -20 0.0196227750
3 -20 0.0372409059
4 -20 0.0531825102
5 -20 0.0669122167
6 -20 0.0780512445
7 -20 0.0863898792
8 -20 0.0918842975
9 -20 0.0946399658
10 -20 0.0948851482
11 -20 0.0929386666
12 -20 0.0891759754
13 -20 0.0839970037
14 -20 0.0777982933
15 -20 0.0709509313
16 -20 0.0637848317
17 -20 0.0565791532
18 -20 0.0495581132
19 -20 0.0428911553
20 -20 0.0366963204
21 -20 0.0310457070
22 -20 0.0259720401
23 -20 0.0214755437
24 -20 0.0175305150
25 -20 0.0140911823
26 -20 0.0110966041
27 -20 0.0084745061
28 -20 0.0061440703
29 -20 0.0040177814
30 -20 0.0020025016
31 -20 0.0000000000
-31 -19 0.0000000000
-30 -19 -0.0007109010
-29 -19 -0.0015364253
-28 -19 -0.0025504165
-27 -19 -0.0038360722
-26 -19 -0.0054869416
-25 -19 -0.0076068974
-24 -19 -0.0103086954
-23 -19 -0.0137107343
-22 -19 -0.0179316659
-21 -19 -0.0230825986
-20 -19 -0.0292567980
-19 -19 -0.0365170215
-18 -19 -0.0448809373
-17 -19 -0.0543054551
-16 -19 -0.0646712176
-15 -19 -0.0757689276
-14 -19 -0.0872895524
-13 -19 -0.0988206811
-12 -19 -0.1098513116
-11 -19 -0.1197870244
-10 -19 -0.1279767692
-9 -19 -0.1337513182
-8 -19 -0.1364718688
-7 -19 -0.1355854623
-6 -19 -0.1306820995
-5 -19 -0.1215470517
-4 -19 -0.1082012884
-3 -19 -0.0909234720
-2 -19 -0.0702487231
-1 -19 -0.0469421675
0 -19 -0.0219486932
1 -19 0.0036762203
2 -19 0.0288469516
3 -19 0.0525301851
4 -19 0.0738199096
5 -19 0.0919968269
6 -19 0.1065665544
7 -19 0.1172742350
8 -19 0.1240964914
9 -19 0.1272144621
10 -19 0.1269735086
11 -19 0.1238358871
12 -19 0.1183323370
13 -19 0.1110174252
14 -19 0.1024319715
15 -19 0.0930743106
16 -19 0.0833807767
17 -19 0.0737147647
18 -19 0.0643630627
19 -19 0.0555378331
20 -19 0.0473825641
21 -19 0.0399804478
22 -19 0.0333638740
23 -19 0.0275240124
24 -19 0.0224197426
25 -19 0.0179854452
26 -19 0.0141373971
27 -19 0.0107786863
28 -19 0.0078027087
29 -19 0.0050954082
30 -19 0.0025365036
31 -19 0.0000000000
-31 -18 0.0000000000
-30 -18 -0.0009423921
-29 -18 -0.0020336655
-28 -18 -0.0033710665
-27 -18 -0.0050639091
-26 -18 -0.0072349953
-25 -18 -0.0100207204
-24 -18 -0.0135693673
-23 -18 -0.0180370819
-22 -18 -0.0235810609
-21 -18 -0.0303495878
-20 -18 -0.0384687430
-19 -18 -0.0480258978
-18 -18 -0.0590504950
-17 -18 -0.0714931029
-16 -18 -0.0852042933
-15 -18 -0.0999154873
-14 -18 -0.1152244661
-13 -18 -0.1305886553
-12 -18 -0.1453294328
-11 -18 -0.1586504264
-10 -18 -0.1696719156
-9 -18 -0.1774819332
-8 -18 -0.1812024789
-7 -18 -0.1800665884
-6 -18 -0.1734992261
-5 -18 -0.1611926686
-4 -18 -0.1431658802
-3 -18 -0.1197979116
-2 -18 -0.0918278218
-1 -18 -0.0603178098
0 -18 -0.0265814558
1 -18 0.0079157648
2 -18 0.0416722557
3 -18 0.0732684547
4 -18 0.1014732628
5 -18 0.1253267282
6 -18 0.1441909275
7 -18 0.1577660084
8 -18 0.1660734594
9 -18 0.1694128474
10 -18 0.1683008478
11 -18 0.1634021268
12 -18 0.1554607482
13 -18 0.1452387940
14 -18 0.1334664326
15 -18 0.1208052990
16 -18 0.1078251026
17 -18 0.0949920342
18 -18 0.0826667766
19 -18 0.0711096489
20 -18 0.0604904923
21 -18 0.0509011967
22 -18 0.0423691710
23 -18 0.0348704782
24 -18 0.0283417622
25 -18 0.0226904331
26 -18 0.0178028610
27 -18 0.0135505479
28 -18 0.0097944084
29 -18 0.0063874084
30 -18 0.0031758941
31 -18 0.0000000000
-31 -17 0.0000000000
-30 -17 -0.0012308856
-29 -17 -0.0026525390
-28 -17 -0.0043913071
-27 -17 -0.0065889548
-26 -17 -0.0094046747
-25 -17 -0.0130154433
-24 -17 -0.0176140949
-23 -17 -0.0234044563
-22 -17 -0.0305929227
-21 -17 -0.0393759625
-20 -17 -0.0499232545
-19 -17 -0.0623564993
-18 -17 -0.0767244151
-17 -17 -0.0929750456
-16 -17 -0.1109272332
-15 -17 -0.1302439313
-14 -17 -0.1504108404
-13 -17 -0.1707245519
-12 -17 -0.1902947818
-11 -17 -0.2080651570
-10 -17 -0.2228561252
-9 -17 -0.2334316757
-8 -17 -0.2385885949
-7 -17 -0.2372630785
-6 -17 -0.2286452087
-5 -17 -0.2122879461
-4 -17 -0.1881950061
-3 -17 -0.1568723138
-2 -17 -0.1193311716
-1 -17 -0.0770375547
0 -17 -0.0318099676
1 -17 0.0143235746
2 -17 0.0592922818
3 -17 0.1011521286
4 -17 0.1382370472
5 -17 0.1692739414
6 -17 0.1934499050
7 -17 0.2104278862
8 -17 0.2203149151
9 -17 0.2235932828
10 -17 0.2210286306
11 -17 0.2135694698
12 -17 0.2022506966
13 -17 0.1881101814
14 -17 0.1721235715
15 -17 0.1551588928
16 -17 0.1379498598
17 -17 0.1210851167
18 -17 0.1050098522
19 -17 0.0900361230
20 -17 0.0763585492
21 -17 0.0640726067
22 -17 0.0531933799
23 -17 0.0436732513
24 -17 0.0354175496
25 -17 0.0282976165
26 -17 0.0221610999
27 -17 0.0168395334
28 -17 0.0121534426
29 -17 0.0079153436
30 -17 0.0039310800
31 -17 0.0000000000
-31 -16 0.0000000000
-30 -16 -0.0015842200
-29 -16 -0.0034096067
-28 -16 -0.0056381144
-27 -16 -0.0084512061
-26 -16 -0.0120526729
-25 -16 -0.0166694156
-24 -16 -0.0225494007
-23 -16 -0.0299559590
-22 -16 -0.0391576122
-21 -16 -0.0504127223
-20 -16 -0.0639484849
-19 -16 -0.0799341694
-18 -16 -0.0984490589
-17 -16 -0.1194462866
-16 -16 -0.1427146926
-15 -16 -0.1678419132
-14 -16 -0.1941830886
-13 -16 -0.2208406971
-12 -16 -0.2466618813
-11 -16 -0.2702598951
-10 -16 -0.2900655692
-9 -16 -0.3044125332
-8 -16 -0.3116560281
-7 -16 -0.3103195245
-6 -16 -0.2992566407
-5 -16 -0.2778093618
-4 -16 -0.2459391879
-3 -16 -0.2043074708
-2 -16 -0.1542859377
-1 -16 -0.0978879145
0 -16 -0.0376232166
1 -16 0.0237076423
2 -16 0.0832540817
3 -16 0.1383593455
4 -16 0.1867758099
5 -16 0.2268250771
6 -16 0.2574859914
7 -16 0.2784060723
8 -16 0.2898441501
9 -16 0.2925614918
10 -16 0.2876835874
11 -16 0.2765546747
12 -16 0.2606030781
13 -16 0.2412293737
14 -16 0.2197231081
15 -16 0.1972085820
16 -16 0.1746166407
17 -16 0.1526774902
18 -16 0.1319289544
19 -16 0.1127348784
20 -16 0.0953091554
21 -16 0.0797418308
22 -16 0.0660247026
23 -16 0.0540746965
24 -16 0.0437540026
25 -16 0.0348865026
26 -16 0.0272704187
27 -16 0.0206873949
28 -16 0.0149084073
29 -16 0.0096970224
30 -16 0.0048105888
31 -16 0.0000000000
-31 -15 0.0000000000
-30 -15 -0.0020093922
-29 -15 -0.0043196072
-28 -15 -0.0071354523
-27 -15 -0.0106861796
-26 -15 -0.0152293999
-25 -15 -0.0210525334
-24 -15 -0.0284708329
-23 -15 -0.0378209396
-22 -15 -0.0494489226
-21 -15 -0.0636918424
-20 -15 -0.0808521061
-19 -15 -0.1011642808
-18 -15 -0.1247546485
-17 -15 -0.1515946476
-16 -15 -0.1814504787
-15 -15 -0.2138325596
-14 -15 -0.2479501429
-13 -15 -0.2826781507
-12 -15 -0.3165448718
-11 -15 -0.3477501967
-10 -15 -0.3742239055
-9 -15 -0.3937313896
-8 -15 -0.4040293243
-7 -15 -0.4030658737
-6 -15 -0.3892095789
-5 -15 -0.3614801104
-4 -15 -0.3197457467
-3 -15 -0.2648503391
-2 -15 -0.1986389337
-1 -15 -0.1238658340
0 -15 -0.0439885324
1 -15 0.0371291149
2 -15 0.1155653156
3 -15 0.1876925205
4 -15 0.2504851998
5 -15 0.3017431614
6 -15 0.3402056493
7 -15 0.3655510304
8 -15 0.3782963380
9 -15 0.3796255318
10 -15 0.3711819087
11 -15 0.3548583063
12 -15 0.3326108504
13 -15 0.3063115110
14 -15 0.2776448048
15 -15 0.2480465083
16 -15 0.2186777671
17 -15 0.1904261300
18 -15 0.1639250287
19 -15 0.1395842844
20 -15 0.1176257300
21 -15 0.0981196064
22 -15 0.0810187871
23 -15 0.0661890338
24 -15 0.0534343623
25 -15 0.0425172325
26 -15 0.0331737141
27 -15 0.0251240642
28 -15 0.0180793268
29 -15 0.0117446633
30 -15 0.0058201751
31 -15 0.0000000000
-31 -14 0.0000000000
-30 -14 -0.0025118753
-29 -14 -0.0053940093
-28 -14 -0.0089019052
-27 -14 -0.0133213935
-26 -14 -0.0189739933
-25 -14 -0.0262193623
-24 -14 -0.0354536759
-23 -14 -0.0471026611
-22 -14 -0.0616079608
-21 -14 -0.0794055516
-20 -14 -0.1008951380
-19 -14 -0.1263998329
-18 -14 -0.1561160758
-17 -14 -0.1900546805
-16 -14 -0.2279752232
-15 -14 -0.2693177116
-14 -14 -0.3131376529
-13 -14 -0.3580531938
-12 -14 -0.4022157197
-11 -14 -0.4433176894
-10 -14 -0.4786526490
-9 -14 -0.5052410090
-8 -14 -0.5200297004
-7 -14 -0.5201629977
-6 -14 -0.5033057551
-5 -14 -0.4679816828
-4 -14 -0.4138735447
-3 -14 -0.3420260733
-2 -14 -0.2549008584
-1 -14 -0.1562553692
0 -14 -0.0508498647
1 -14 0.0559823802
2 -14 0.1588417994
3 -14 0.2527735285
4 -14 0.3337096406
5 -14 0.3987818742
6 -14 0.4464678510
7 -14 0.4765650360
8 -14 0.4900180692
9 -14 0.4886479754
10 -14 0.4748404046
11 -14 0.4512443135
12 -14 0.4205172331
13 -14 0.3851352016
14 -14 0.3472699594
15 -14 0.3087257112
16 -14 0.2709227238
17 -14 0.2349139902
18 -14 0.2014225395
19 -14 0.1708893963
20 -14 0.1435248241
21 -14 0.1193578484
22 -14 0.0982809751
23 -14 0.0800884590
24 -14 0.0645074989
25 -14 0.0512224253
26 -14 0.0398923762
27 -14 0.0301632147
28 -14 0.0216745710
29 -14 0.0140629534
30 -14 0.0069618825
31 -14 0.0000000000
-31 -13 0.0000000000
-30 -13 -0.0030948698
-29 -13 -0.0066394240
-28 -13 -0.0109480788
-27 -13 -0.0163724913
-26 -13 -0.0233087941
-25 -13 -0.0322014694
-24 -13 -0.0435424984
-23 -13 -0.0578642609
-22 -13 -0.0757245454
-21 -13 -0.0976820195
-20 -13 -0.1242606410
-19 -13 -0.1559018172
-18 -13 -0.1929037171
-17 -13 -0.2353480926
-16 -13 -0.2830163734
-15 -13 -0.3352988093
-14 -13 -0.3911031651
-13 -13 -0.4487730217
-12 -13 -0.5060300223
-11 -13 -0.5599589935
-10 -13 -0.6070586721
-9 -13 -0.6433817576
-8 -13 -0.6647831768
-7 -13 -0.6672816123
-6 -13 -0.6475150546
-5 -13 -0.6032394642
-4 -13 -0.5337897831
-3 -13 -0.4404076826
-2 -13 -0.3263511512
-1 -13 -0.1967379518
0 -13 -0.0581270935
1 -13 0.0821067094
2 -13 0.2165137266
3 -13 0.3383147063
4 -13 0.4420404426
5 -13 0.5239724142
6 -13 0.5823277607
7 -13 0.6171822181
8 -13 0.6301765010
9 -13 0.6240885224
10 -13 0.6023647493
11 -13 0.5686895302
12 -13 0.5266419155
13 -13 0.4794584310
14 -13 0.4298966115
15 -13 0.3801808540
16 -13 0.3320078161
17 -13 0.2865899355
18 -13 0.2447196551
19 -13 0.2068415805
20 -13 0.1731239907
21 -13 0.1435244607
22 -13 0.1178468037
23 -13 0.0957882178
24 -13 0.0769766094
25 -13 0.0609987215
26 -13 0.0474200607
27 -13 0.0357977864
28 -13 0.0256877833
29 -13 0.0166471284
30 -13 0.0082331210
31 -13 0.0000000000
-31 -12 0.0000000000
-30 -12 -0.0037585418
-29 -12 -0.0080559889
-28 -12 -0.0132739507
-27 -12 -0.0198392769
-26 -12 -0.0282336617
-25 -12 -0.0389994641
-24 -12 -0.0527401846
-23 -12 -0.0701138145
-22 -12 -0.0918170854
-21 -12 -0.1185585474
-20 -12 -0.1510184239
-19 -12 -0.1897933972
-18 -12 -0.2353249336
-17 -12 -0.2878105881
-16 -12 -0.3470990676
-15 -12 -0.4125719379
-14 -12 -0.4830180088
-13 -12 -0.5565109952
-12 -12 -0.6303072958
-11 -12 -0.7007885874
-10 -12 -0.7634824043
-9 -12 -0.8132002170
-8 -12 -0.8443315326
-7 -12 -0.8513170481
-6 -12 -0.8292881819
-5 -12 -0.7748064012
-4 -12 -0.6865789025
-3 -12 -0.5659934431
-2 -12 -0.4173276232
-1 -12 -0.2475496773
0 -12 -0.0657165417
1 -12 0.1179425476
2 -12 0.2931143882
3 -12 0.4504954932
4 -12 0.5827241104
5 -12 0.6850067835
6 -12 0.7553492445
7 -12 0.7943834006
8 -12 0.8048706004
9 -12 0.7910230947
10 -12 0.7577983203
11 -12 0.7102872993
12 -12 0.6532621744
13 -12 0.5908946705
14 -12 0.5266222695
15 -12 0.4631240557
16 -12 0.4023677459
17 -12 0.3456961756
18 -12 0.2939302179
19 -12 0.2474730346
20 -12 0.2064067064
21 -12 0.1705766261
22 -12 0.1396618807
23 -12 0.1132315824
24 -12 0.0907881008
25 -12 0.0717986398
26 -12 0.0557168046
27 -12 0.0419958285
28 -12 0.0300950635
29 -12 0.0194812332
30 -12 0.0096258376
31 -12 0.0000000000
-31 -11 0.0000000000
-30 -11 -0.0044993168
-29 -11 -0.0096358720
-28 -11 -0.0158664107
-27 -11 -0.0237020149
-26 -11 -0.0337206269
-25 -11 -0.0465754302
-24 -11 -0.0629973544
-23 -11 -0.0837896769
-22 -11 -0.1098124246
-21 -11 -0.1419540643
-20 -11 -0.1810878406
-19 -11 -0.2280101254
-18 -11 -0.2833583492
-17 -11 -0.3475065962
-16 -11 -0.4204379625
-15 -11 -0.5015946107
-14 -11 -0.5897096161
-13 -11 -0.6826299244
-12 -11 -0.7771479773
-11 -11 -0.8688716922
-10 -11 -0.9521784734
-9 -11 -1.0203159864
-8 -11 -1.0657223516
-7 -11 -1.0806265386
-6 -11 -1.0579399360
-5 -11 -0.9923585777
-4 -11 -0.8814866431
-3 -11 -0.7267177199
-2 -11 -0.5336223108
-1 -11 -0.3116977130
0 -11 -0.0734927938
1 -11 0.1667443509
2 -11 0.3946726455
3 -11 0.5974701740
4 -11 0.7652037274
5 -11 0.8917311674
6 -11 0.9749864803
7 -11 1.0166322849
8 -11 1.0212206423
9 -11 0.9951106237
10 -11 0.9454033123
11 -11 0.8790812515
12 -11 0.8024311196
13 -11 0.7207376678
14 -11 0.6381879164
15 -11 0.5579134571
16 -11 0.4821092422
17 -11 0.4121847508
18 -11 0.3489196812
19 -11 0.2926085258
20 -11 0.2431865247
21 -11 0.2003344784
22 -11 0.1635627228
23 -11 0.1322760113
24 -11 0.1058216657
25 -11 0.0835235163
26 -11 0.0647040601
27 -11 0.0486970752
28 -11 0.0348526972
29 -11 0.0225367419
30 -11 0.0111258661
31 -11 0.0000000000
-31 -10 0.0000000000
-30 -10 -0.0053093101
-29 -10 -0.0113620648
-28 -10 -0.0186972720
-27 -10 -0.0279184175
-26 -10 -0.0397094869
-25 -10 -0.0548465906
-24 -10 -0.0742033237
-23 -10 -0.0987476398
-22 -10 -0.1295276585
-21 -10 -0.1676434875
-20 -10 -0.2142018304
-19 -10 -0.2702498921
-18 -10 -0.3366849218
-17 -10 -0.4141357125
-16 -10 -0.5028126980
-15 -10 -0.6023242752
-14 -10 -0.7114593112
-13 -10 -0.8279406352
-12 -10 -0.9481636237
-11 -10 -1.0669506287
-10 -10 -1.1773788585
-9 -10 -1.2707758487
-8 -10 -1.3370118563
-7 -10 -1.3652243184
-6 -10 -1.3450464194
-5 -10 -1.2682577661
-4 -10 -1.1305664365
-3 -10 -0.9330726896
-2 -10 -0.6829693502
-1 -10 -0.3932288542
0 -10 -0.0813118294
1 -10 0.2328429721
2 -10 0.5291949221
3 -10 0.7899841873
4 -10 1.0017605520
5 -10 1.1567044337
6 -10 1.2529779485
7 -10 1.2940682128
8 -10 1.2873696056
9 -10 1.2424466506
10 -10 1.1694241410
11 -10 1.0777926463
12 -10 0.9757095015
13 -10 0.8697221300
14 -10 0.7647782971
15 -10 0.6643944814
16 -10 0.5708894186
17 -10 0.4856268967
18 -10 0.4092390414
19 -10 0.3418180618
20 -10 0.2830736428
21 -10 0.2324577529
22 -10 0.1892606041
23 -10 0.1526820681
24 -10 0.1218827368
25 -10 0.0960184089
26 -10 0.0742612901
27 -10 0.0558107097
28 -10 0.0398957377
29 -10 0.0257717299
30 -10 0.0127125486
31 -10 0.0000000000
-31 -9 0.0000000000
-30 -9 -0.0061759790
-29 -9 -0.0132076469
-28 -9 -0.0217220517
-27 -9 -0.0324217706
-26 -9 -0.0461050016
-25 -9 -0.0636811412
-24 -9 -0.0861799143
-23 -9 -0.1147517156
-22 -9 -0.1506563927
-21 -9 -0.1952372406
-20 -9 -0.2498764885
-19 -9 -0.3159280007
-18 -9 -0.3946222654
-17 -9 -0.4869379922
-16 -9 -0.5934338333
-15 -9 -0.7140331030
-14 -9 -0.8477544849
-13 -9 -0.9923839731
-12 -9 -1.1440908549
-11 -9 -1.2970096851
-10 -9 -1.4428505821
-9 -9 -1.5706693465
-8 -9 -1.6670161938
-7 -9 -1.7167371201
-6 -9 -1.7046365223
-5 -9 -1.6179541586
-4 -9 -1.4492120909
-3 -9 -1.1986549085
-2 -9 -0.8754875294
-1 -9 -0.4974770639
0 -9 -0.0890153917
1 -9 0.3218845919
2 -9 0.7070995283
3 -9 1.0419130770
4 -9 1.3080399044
5 -9 1.4955950487
6 -9 1.6035332075
7 -9 1.6384581357
8 -9 1.6122321371
9 -9 1.5391777681
10 -9 1.4336451210
11 -9 1.3083862457
12 -9 1.1737815524
13 -9 1.0377083671
14 -9 0.9057773129
15 -9 0.7817182592
16 -9 0.6677856014
17 -9 0.5651223402
18 -9 0.4740631433
19 -9 0.3943758208
20 -9 0.3254481101
21 -9 0.2664286626
22 -9 0.2163308457
23 -9 0.1741068873
24 -9 0.1386986182
25 -9 0.1090698937
26 -9 0.0842247768
27 -9 0.0632147680
28 -9 0.0451377421
29 -9 0.0291307778
30 -9 0.0143587125
31 -9 0.0000000000
-31 -8 0.0000000000
-30 -8 -0.0070820740
-29 -8 -0.0151356894
-28 -8 -0.0248798023
-27 -8 -0.0371206324
-26 -8 -0.0527763318
-25 -8 -0.0728971913
-24 -8 -0.0986794677
-23 -8 -0.1314704844
-22 -8 -0.1727621835
-21 -8 -0.2241697705
-20 -8 -0.2873914586
-19 -8 -0.3641444890
-18 -8 -0.4560714739
-17 -8 -0.5646095002
-16 -8 -0.6908121488
-15 -8 -0.8351114330
-14 -8 -0.9970026103
-13 -8 -1.1746307281
-12 -8 -1.3642575279
-11 -8 -1.5596023296
-10 -8 -1.7511038183
-9 -8 -1.9252692509
-8 -8 -2.0644630893
-7 -8 -2.1476547043
-6 -8 -2.1526101349
-5 -8 -2.0595988044
-4 -8 -1.8559437570
-3 -8 -1.5400733230
-2 -8 -1.1236544076
-1 -8 -0.6310630197
0 -8 -0.0964364107
1 -8 0.4408195736
2 -8 0.9411805400
3 -8 1.3701609942
4 -8 1.7028285993
5 -8 1.9267861619
6 -8 2.0427450835
7 -8 2.0624425493
8 -8 2.0046430766
9 -8 1.8906404060
10 -8 1.7405982724
11 -8 1.5713984929
12 -8 1.3959232456
13 -8 1.2232852467
14 -8 1.0594858230
15 -8 0.9081494205
16 -8 0.7711693515
17 -8 0.6492197601
18 -8 0.5421424454
19 -8 0.4492323053
20 -8 0.3694448306
21 -8 0.3015447133
22 -8 0.2442101800
23 -8 0.1961040273
24 -8 0.1559195674
25 -8 0.1224076262
26 -8 0.0943892373
27 -8 0.0707575773
28 -8 0.0504719122
29 -8 0.0325457594
30 -8 0.0160310747
31 -8 0.0000000000
-31 -7 0.0000000000
-30 -7 -0.0080059529
-29 -7 -0.0170999289
-28 -7 -0.0280942162
-27 -7 -0.0419004526
-26 -7 -0.0595592548
-25 -7 -0.0822656162
-24 -7 -0.1113882733
-23 -7 -0.1484808183
-22 -7 -0.1952818711
-21 -7 -0.2537010816
-20 -7 -0.3257870406
-19 -7 -0.4136722019
-18 -7 -0.5194884275
-17 -7 -0.6452443915
-16 -7 -0.7926522111
-15 -7 -0.9628842776
-14 -7 -1.1562307500
-13 -7 -1.3716121657
-12 -7 -1.6058830110
-11 -7 -1.8528586588
-10 -7 -2.1020565045
-9 -7 -2.3373331225
-8 -7 -2.5359548565
-7 -7 -2.6690296612
-6 -7 -2.7042955891
-5 -7 -2.6116117306
-4 -7 -2.3701572572
-3 -7 -1.9750547263
-2 -7 -1.4409322084
-1 -7 -0.8011726834
0 -7 -0.1034052154
1 -7 0.5971687775
2 -7 1.2452219392
3 -7 1.7927552131
4 -7 2.2057944231
5 -7 2.4689351881
6 -7 2.5861400614
7 -7 2.5772298436
8 -7 2.4713166633
9 -7 2.2996602288
10 -7 2.0902273379
11 -7 1.8649458176
12 -7 1.6393047209
13 -7 1.4233039822
14 -7 1.2228253072
15 -7 1.0408874382
16 -7 0.8786053359
17 -7 0.7358644410
18 -7 0.6117799800
19 -7 0.5050079890
20 -7 0.4139560287
21 -7 0.3369252716
22 -7 0.2722047133
23 -7 0.2181313648
24 -7 0.1731258968
25 -7 0.1357103559
26 -7 0.1045126822
27 -7 0.0782615012
28 -7 0.0557738104
29 -7 0.0359376069
30 -7 0.0176911138
31 -7 0.0000000000
-31 -6 0.0000000000
-30 -6 -0.0089222868
-29 -6 -0.0190462823
-28 -6 -0.0312761258
-27 -6 -0.0466273130
-26 -6 -0.0662614781
-25 -6 -0.0915173442
-24 -6 -0.1239362581
-23 -6 -0.1652803578
-22 -6 -0.2175410301
-21 -6 -0.2829348649
-20 -6 -0.3638837192
-19 -6 -0.4629745848
-18 -6 -0.5828934126
-17 -6 -0.7263242811
-16 -6 -0.8958001646
-15 -6 -1.0934816933
-14 -6 -1.3208211251
-13 -6 -1.5780337799
-12 -6 -1.8632465792
-11 -6 -2.1711472933
-10 -6 -2.4910025136
-9 -6 -2.8041952992
-8 -6 -3.0820586154
-7 -6 -3.2855622490
-6 -6 -3.3687051641
-5 -6 -3.2864876105
-4 -6 -3.0060333434
-3 -6 -2.5171013273
-2 -6 -1.8377957703
-1 -6 -1.0134419837
0 -6 -0.1097562026
1 -6 0.7968950836
2 -6 1.6300129285
3 -6 2.3234919142
4 -6 2.8313847420
5 -6 3.1347702059
6 -6 3.2429260832
7 -6 3.1876751195
8 -6 3.0129324764
9 -6 2.7636415831
10 -6 2.4778550887
11 -6 2.1833872238
12 -6 1.8981607704
13 -6 1.6323951827
14 -6 1.3910777249
15 -6 1.1759420566
16 -6 0.9868047200
17 -6 0.8223935728
18 -6 0.6808470336
19 -6 0.5600171233
20 -6 0.4576565967
21 -6 0.3715351969
22 -6 0.2995104694
23 -6 0.2395681856
24 -6 0.1898417560
25 -6 0.1486167545
26 -6 0.1143247068
27 -6 0.0855290859
28 -6 0.0609056875
29 -6 0.0392190689
30 -6 0.0192964158
31 -6 0.0000000000
-31 -5 0.0000000000
-30 -5 -0.0098031526
-29 -5 -0.0209151866
-28 -5 -0.0343273786
-27 -5 -0.0511537760
-26 -5 -0.0726710696
-25 -5 -0.1003551680
-24 -5 -0.1359131887
-23 -5 -0.1813093162
-22 -5 -0.2387827272
-21 -5 -0.3108555409
-20 -5 -0.4003284295
-19 -5 -0.5102609599
-18 -5 -0.6439325960
-17 -5 -0.8047778123
-16 -5 -0.9962832342
-15 -5 -1.2218219174
-14 -5 -1.4843705884
-13 -5 -1.7859942989
-12 -5 -2.1268771107
-11 -5 -2.5035556319
-10 -5 -2.9060109137
-9 -5 -3.3136637768
-8 -5 -3.6913309528
-7 -5 -3.9875892305
-6 -5 -4.1386922413
-5 -5 -4.0797843353
-4 -5 -3.7614345206
-3 -5 -3.1655983529
-2 -5 -2.3143138744
-1 -5 -1.2679882796
0 -5 -0.1153345824
1 -5 1.0404215387
2 -5 2.0959164604
3 -5 2.9620318231
4 -5 3.5777124859
5 -5 3.9200690508
6 -5 4.0061417729
7 -5 3.8842627690
8 -5 3.6181555757
9 -5 3.2704615976
10 -5 2.8915814872
11 -5 2.5158050223
12 -5 2.1629824370
13 -5 1.8425909998
14 -5 1.5577491595
15 -5 1.3081214115
16 -5 1.0916702436
17 -5 0.9056017647
18 -5 0.7468507391
19 -5 0.6123291267
20 -5 0.4990563107
21 -5 0.4042275444
22 -5 0.3252474152
23 -5 0.2597417890
24 -5 0.2055556119
25 -5 0.1607409492
26 -5 0.1235380640
27 -5 0.0923514597
28 -5 0.0657223064
29 -5 0.0422983780
30 -5 0.0208024493
31 -5 0.0000000000
-31 -4 0.0000000000
-30 -4 -0.0106194584
-29 -4 -0.0226446535
-28 -4 -0.0371459086
-27 -4 -0.0553265767
-26 -4 -0.0785676401
-25 -4 -0.1084696162
-24 -4 -0.1468908376
-23 -4 -0.1959810435
-22 -4 -0.2582091765
-21 -4 -0.3363843371
-20 -4 -0.4336689691
-19 -4 -0.5535834404
-18 -4 -0.7000009369
-17 -4 -0.8771302486
-16 -4 -1.0894793125
-15 -4 -1.3417779532
-14 -4 -1.6387986355
-13 -4 -1.9849203538
-12 -4 -2.3831031292
-11 -4 -2.8327075639
-10 -4 -3.3255078747
-9 -4 -3.8397466188
-8 -4 -4.3335882423
-7 -4 -4.7415480399
-6 -4 -4.9787693328
-5 -4 -4.9561266128
-4 -4 -4.6035470936
-3 -4 -3.8928911236
-2 -4 -2.8504063341
-1 -4 -1.5541857189
0 -4 -0.1200028058
1 -4 1.3173940209
2 -4 2.6231141098
3 -4 3.6809658464
4 -4 4.4121877955
5 -4 4.7896537821
6 -4 4.8404667750
7 -4 4.6335645166
8 -4 4.2569023262
9 -4 3.7941937358
10 -4 3.3098643288
11 -4 2.8448227774
12 -4 2.4200686569
13 -4 2.0432625949
14 -4 1.7146816380
15 -4 1.4312032291
16 -4 1.1884710201
17 -4 0.9818962462
18 -4 0.8070628047
19 -4 0.6598713474
20 -4 0.5365799729
21 -4 0.4338051266
22 -4 0.3485062504
23 -4 0.2779627574
24 -4 0.2197466319
25 -4 0.1716920812
26 -4 0.1318629756
27 -4 0.0985185741
28 -4 0.0700779635
29 -4 0.0450836387
30 -4 0.0221646788
31 -4 0.0000000000
-31 -3 0.0000000000
-30 -3 -0.0113426051
-29 -3 -0.0241738272
-28 -3 -0.0396316528
-27 -3 -0.0589956309
-26 -3 -0.0837355173
-25 -3 -0.1155578170
-24 -3 -0.1564496552
-23 -3 -0.2087194250
-22 -3 -0.2750338475
-21 -3 -0.3584514989
-20 -3 -0.4624535311
-19 -3 -0.5909732506
-18 -3 -0.7484272730
-17 -3 -0.9397514721
-16 -3 -1.1704422542
-15 -3 -1.4465892906
-14 -3 -1.7748370737
-13 -3 -2.1620844735
-12 -3 -2.6144708465
-11 -3 -3.1348279404
-10 -3 -3.7175733484
-9 -3 -4.3406213208
-8 -3 -4.9559524395
-7 -3 -5.4836774624
-6 -3 -5.8164706126
-5 -3 -5.8388369852
-4 -3 -5.4579569452
-3 -3 -4.6343018838
-2 -3 -3.3982587126
-1 -3 -1.8465843313
0 -3 -0.1236462942
1 -3 1.6025890133
2 -3 3.1640098844
3 -3 4.4158216615
4 -3 5.2605844609
5 -3 5.6670134558
6 -3 5.6735772933
7 -3 5.3719344692
8 -3 4.8763819876
9 -3 4.2930743939
10 -3 3.7008145644
11 -3 3.1466697557
12 -3 2.6519455050
13 -3 2.2216404242
14 -3 1.8525460169
15 -3 1.5383505164
16 -3 1.2721723748
17 -3 1.0475498065
18 -3 0.8587097651
19 -3 0.7005706201
20 -3 0.5686721132
21 -3 0.4590977047
22 -3 0.3684052095
23 -3 0.2935666829
24 -3 0.2319152581
25 -3 0.1810965993
26 -3 0.1390232311
27 -3 0.1038306063
28 -3 0.0738342471
29 -3 0.0474876477
30 -3 0.0233408778
31 -3 0.0000000000
-31 -2 0.0000000000
-30 -2 -0.0119462468
-29 -2 -0.0254467553
-28 -2 -0.0416928247
-27 -2 -0.0620236039
-26 -2 -0.0879777917
-25 -2 -0.1213437278
-24 -2 -0.1642076224
-23 -2 -0.2189998224
-22 -2 -0.2885394274
-21 -2 -0.3760783204
-20 -2 -0.4853468982
-19 -2 -0.6206055898
-18 -2 -0.7867086862
-17 -2 -0.9891895932
-16 -2 -1.2343765640
-15 -2 -1.5295348347
-14 -2 -1.8829754565
-13 -2 -2.3039117621
-12 -2 -2.8015041696
-11 -2 -3.3820284966
-10 -2 -4.0427733055
-9 -2 -4.7619501718
-8 -2 -5.4864915229
-7 -2 -6.1237544121
-6 -2 -6.5459406982
-5 -2 -6.6131737560
-4 -2 -6.2113993672
-3 -2 -5.2903014376
-2 -2 -3.8838387910
-1 -2 -2.1056962568
0 -2 -0.1261781343
1 -2 1.8566905512
2 -2 3.6447377331
3 -2 5.0672269166
4 -2 6.0097820205
5 -2 6.4375351827
6 -2 6.3997289920
7 -2 6.0092410935
8 -2 5.4047334936
9 -2 4.7128157573
10 -2 4.0250271726
11 -2 3.3934665755
12 -2 2.8391269432
13 -2 2.3641225681
14 -2 1.9617898569
15 -2 1.6227875855
16 -2 1.3379141418
17 -2 1.0990383827
18 -2 0.8992115605
19 -2 0.7325224454
20 -2 0.5939174830
21 -2 0.4790482003
22 -2 0.3841519978
23 -2 0.3059588011
24 -2 0.2416154136
25 -2 0.1886214591
26 -2 0.1447727812
27 -2 0.1081096233
28 -2 0.0768679277
29 -2 0.0494327769
30 -2 0.0242934655
31 -2 0.0000000000
-31 -1 0.0000000000
-30 -1 -0.0124079919
-29 -1 -0.0264160266
-28 -1 -0.0432519619
-27 -1 -0.0642951338
-26 -1 -0.0911298708
-25 -1 -0.1255977148
-24 -1 -0.1698483127
-23 -1 -0.2263891976
-22 -1 -0.2981352504
-21 -1 -0.3884596330
-20 -1 -0.5012496063
-19 -1 -0.6409730983
-18 -1 -0.8127653875
-17 -1 -1.0225495208
-16 -1 -1.2772062423
-15 -1 -1.5847975880
-14 -1 -1.9547885277
-13 -1 -2.3980298512
-12 -1 -2.9258671187
-11 -1 -3.5471328821
-10 -1 -4.2613512345
-9 -1 -5.0472110181
-8 -1 -5.8483345692
-7 -1 -6.5632145821
-6 -1 -7.0495521438
-5 -1 -7.1500384083
-4 -1 -6.7353485203
-3 -1 -5.7473461488
-2 -1 -4.2224431562
-1 -1 -2.2862960222
0 -1 -0.1275424701
1 -1 2.0345837854
2 -1 3.9807016340
3 -1 5.5217400786
4 -1 6.5313495408
5 -1 6.9722064459
6 -1 6.9013700587
7 -1 6.4469841764
8 -1 5.7651376220
9 -1 4.9969344697
10 -1 4.2427713739
11 -1 3.5580497391
12 -1 2.9632774824
13 -1 2.4583256084
14 -1 2.0339663977
15 -1 1.6786667837
16 -1 1.3815819796
17 -1 1.1334224236
18 -1 0.9264394378
19 -1 0.7541675997
20 -1 0.6111634013
21 -1 0.4927983222
22 -1 0.3951042417
23 -1 0.3146569573
24 -1 0.2484851734
25 -1 0.1939960332
26 -1 0.1489113095
27 -1 0.1112104781
28 -1 0.0790783052
29 -1 0.0508555088
30 -1 0.0249916734
31 -1 0.0000000000
-31 0 0.0000000000
-30 0 -0.0127108793
-29 0 -0.0270459202
-28 0 -0.0442511460
-27 0 -0.0657247693
-26 0 -0.0930711160
-25 0 -0.1281533372
-24 0 -0.1731449563
-23 0 -0.2305806031
-22 0 -0.3034069111
-21 0 -0.3950356614
-20 0 -0.5094030195
-19 0 -0.6510414087
-18 0 -0.8251744634
-17 0 -1.0378503825
-16 0 -1.2961320308
-15 0 -1.6083511484
-14 0 -1.9843728929
-13 0 -2.4356278735
-12 0 -2.9742490735
-11 0 -3.6100054232
-10 0 -4.3432582546
-9 0 -5.1529106427
-8 0 -5.9814292603
-7 0 -6.7241238532
-6 0 -7.2334424756
-5 0 -7.3457350056
-4 0 -6.9261104477
-3 0 -5.9135798543
-2 0 -4.3454480926
-1 0 -2.3517277923
0 0 -0.1277164152
1 0 2.0996584420
2 0 4.1033227903
3 0 5.6875488069
4 0 6.7216353063
5 0 7.1673714475
6 0 7.0846755033
7 0 6.6072638582
8 0 5.8975725226
9 0 5.1019634517
10 0 4.3240196176
11 0 3.6202997082
12 0 3.0110971757
13 0 2.4954437650
14 0 2.0631717806
15 0 1.7019558925
16 0 1.4003658237
17 0 1.1487057722
18 0 0.9389513598
19 0 0.7644494940
20 0 0.6196267223
21 0 0.4997623463
22 0 0.4008210039
23 0 0.3193279270
24 0 0.2522725452
25 0 0.1970304589
26 0 0.1512972435
27 0 0.1130299021
28 0 0.0803933347
29 0 0.0517102167
30 0 0.0254133516
31 0 0.0000000000
-31 1 0.0000000000
-30 1 -0.0128444841
-29 1 -0.0273147510
-28 1 -0.0446558591
-27 1 -0.0662627806
-26 1 -0.0937332797
-25 1 -0.1289194044
-24 1 -0.1739775826
-23 1 -0.2314175864
-22 1 -0.3041512132
-21 1 -0.3955425550
-20 1 -0.5094633481
-19 1 -0.6503593513
-18 1 -0.8233371918
-17 1 -1.0342853493
-16 1 -1.2900450860
-15 1 -1.5986354693
-14 1 -1.9694768266
-13 1 -2.4133757516
-12 1 -2.9416363647
-11 1 -3.5630548986
-10 1 -4.2771265048
-9 1 -5.0625204547
-8 1 -5.8628504610
-7 1 -6.5766125762
-6 1 -7.0615236273
-5 1 -7.1603026094
-4 1 -6.7436636493
-3 1 -5.7535189526
-2 1 -4.2263363559
-1 1 -2.2878332387
0 1 -0.1267104041
1 1 2.0377359788
2 1 3.9860656649
3 1 5.5291542640
4 1 6.5406065673
5 1 6.9830626513
6 1 6.9135556769
7 1 6.4602139676
8 1 5.7791213369
9 1 5.0113866500
10 1 4.2574200746
11 1 3.5726438579
12 1 2.9775924921
13 1 2.4721675964
14 1 2.0471744185
15 1 1.6911136181
16 1 1.3931734649
17 1 1.1440955684
18 1 0.9361595648
19 1 0.7629247708
20 1 0.6189683741
21 1 0.4996782675
22 1 0.4010984249
23 1 0.3198125534
24 1 0.2528533512
25 1 0.1976284103
26 1 0.1518568518
27 1 0.1135128914
28 1 0.0807739478
29 1 0.0519718405
30 1 0.0255462481
31 1 0.0000000000
-31 2 0.0000000000
-30 2 -0.0128055423
-29 2 -0.0272161746
-28 2 -0.0444570813
-27 2 -0.0658982297
-26 2 -0.0931048132
-25 2 -0.1278859069
-24 2 -0.1723411273
-23 2 -0.2289052846
-22 2 -0.3003914594
-21 2 -0.3900337190
-20 2 -0.5015319203
-19 2 -0.6391028487
-18 2 -0.8075443609
-17 2 -1.0123217506
-16 2 -1.2596854469
-15 2 -1.5568159623
-14 2 -1.9119362960
-13 2 -2.3341725772
-12 2 -2.8326034269
-11 2 -3.4134329331
-10 2 -4.0738924541
-9 2 -4.7921548210
-8 2 -5.5151352954
-7 2 -6.1501973899
-6 2 -6.5695738477
-5 2 -6.6334428074
-4 2 -6.2278268092
-3 2 -5.3025053899
-2 2 -3.8915477065
-1 2 -2.1087586727
0 2 -0.1245670090
1 2 1.8628790374
2 2 3.6552906925
3 2 5.0818260533
4 2 6.0280189204
5 2 6.4589296090
6 2 6.4237490849
7 2 6.0353243394
8 2 5.4323073729
9 2 4.7413170877
10 2 4.0539193295
11 2 3.4222539691
12 2 2.8673663459
13 2 2.3914311026
14 2 1.9878496561
15 2 1.6473473074
16 2 1.3607876636
17 2 1.1201010932
18 2 0.9183947333
19 2 0.7498061932
20 2 0.6093227838
21 2 0.4926284497
22 2 0.3959844880
23 2 0.3161364615
24 2 0.2502390803
25 2 0.1957928759
26 2 0.1505884757
27 2 0.1126557538
28 2 0.0802161579
29 2 0.0516372097
30 2 0.0253886477
31 2 0.0000000000
-31 3 0.0000000000
-30 3 -0.0125980398
-29 3 -0.0267593348
-28 3 -0.0436714369
-27 3 -0.0646590066
-26 3 -0.0912306189
-25 3 -0.1251232009
-24 3 -0.1683436029
-23 3 -0.2232068757
-22 3 -0.2923710710
-21 3 -0.3788688334
-20 3 -0.4861367514
-19 3 -0.6180443665
-18 3 -0.7789257728
-17 3 -0.9736171801
-16 3 -1.2075010558
-15 3 -1.4865429632
-14 3 -1.8172583426
-13 3 -2.2064181804
-12 3 -2.6600417960
-11 3 -3.1808555805
-10 3 -3.7631929924
-9 3 -4.3849111495
-8 3 -4.9979650899
-7 3 -5.5224746391
-6 3 -5.8511588909
-5 3 -5.8686028390
-4 3 -5.4820990324
-3 3 -4.6522587726
-2 3 -3.4096305091
-1 3 -1.8511470588
0 3 -0.1213583389
1 3 1.6115885735
2 3 3.1794107504
3 3 4.4371588081
4 3 5.2872604973
5 3 5.6983254081
6 3 5.7087461964
7 3 5.4101361043
8 3 4.9167771627
9 3 4.3348373270
10 3 3.7431581647
11 3 3.1888668898
12 3 2.6933456503
13 3 2.2616814277
14 3 1.8907609729
15 3 1.5743700302
16 3 1.3057226844
17 3 1.0784473774
18 3 0.8868530639
19 3 0.7259297998
20 3 0.5912773313
21 3 0.4790267403
22 3 0.3857709668
23 3 0.3085050730
24 3 0.2445738533
25 3 0.1916243565
26 3 0.1475614969
27 3 0.1105055434
28 3 0.0787507687
29 3 0.0507249044
30 3 0.0249493172
31 3 0.0000000000
-31 4 0.0000000000
-30 4 -0.0122327687
-29 4 -0.0259678678
-28 4 -0.0423394201
-27 4 -0.0626089044
-26 4 -0.0882073862
-25 4 -0.1207747078
-24 4 -0.1621947977
-23 4 -0.2146261986
-22 4 -0.2805269373
-21 4 -0.3626729669
-20 4 -0.4641695658
-19 4 -0.5884551598
-18 4 -0.7392967635
-17 4 -0.9207748222
-16 4 -1.1372504279
-15 4 -1.3932933342
-14 4 -1.6935094319
-13 4 -2.0421125160
-12 4 -2.4419073956
-11 4 -2.8921182752
-10 4 -3.3844102444
-9 4 -3.8969514894
-8 4 -4.3878727921
-7 4 -4.7917004279
-6 4 -5.0236349238
-5 4 -4.9946532394
-4 4 -4.6348268181
-3 4 -3.9161961450
-2 4 -2.8652170476
-1 4 -1.5602094345
0 4 -0.1171822293
1 4 1.3288827884
2 4 2.6428736551
3 4 3.7083986178
4 4 4.4465248746
5 4 4.8299893956
6 4 4.8857964662
7 4 4.6828248256
8 4 4.3090099099
9 4 3.8480820616
10 4 3.3645163825
11 4 2.8992986002
12 4 2.4735269338
13 4 2.0949759251
14 4 1.7640454998
15 4 1.4777389791
16 4 1.2318235347
17 4 1.0218269968
18 4 0.8434392757
19 4 0.6926537453
20 4 0.5658061560
21 4 0.4595746184
22 4 0.3709640955
23 4 0.2972838576
24 4 0.2361210728
25 4 0.1853118342
26 4 0.1429102513
27 4 0.1071560105
28 4 0.0764407597
29 4 0.0492736959
30 4 0.0242467748
31 4 0.0000000000
-31 5 0.0000000000
-30 5 -0.0117264144
-29 5 -0.0248779006
-28 5 -0.0405219517
-27 5 -0.0598421453
-26 5 -0.0841751806
-25 5 -0.1150441999
-24 5 -0.1541872161
-23 5 -0.2035792897
-22 5 -0.2654469310
-21 5 -0.3422730173
-20 5 -0.4367902308
-19 5 -0.5519604575
-18 5 -0.6909364034
-17 5 -0.8569991298
-16 5 -1.0534595547
-15 5 -1.2834990162
-14 5 -1.5498945412
-13 5 -1.8545129226
-12 5 -2.1973517224
-11 5 -2.5747833966
-10 5 -2.9766573514
-9 5 -3.3823042803
-8 5 -3.7564994879
-7 5 -4.0478318148
-6 5 -4.1926223777
-5 5 -4.1261373549
-4 5 -3.7991177851
-3 5 -3.1937344878
-2 5 -2.3322746301
-1 5 -1.2754172156
0 5 -0.1121574857
1 5 1.0539988112
2 5 2.1194222510
3 5 2.9947538748
4 5 3.6187322982
5 5 3.9683031659
6 5 4.0603874992
7 5 3.9432457633
8 5 3.6805767966
9 5 3.3350413870
10 5 2.9570989000
11 5 2.5811309760
12 5 2.2271057371
13 5 1.9046367907
14 5 1.6169898069
15 5 1.3639802193
16 5 1.1437187275
17 5 0.9535514304
18 5 0.7905404527
19 5 0.6517092149
20 5 0.5341705073
21 5 0.4351938184
22 5 0.3522385939
23 5 0.2829667446
24 5 0.2252416244
25 5 0.1771177125
26 5 0.1368236668
27 5 0.1027405645
28 5 0.0733766634
29 5 0.0473397479
30 5 0.0233079692
31 5 0.0000000000
-31 6 0.0000000000
-30 6 -0.0111002815
-29 6 -0.0235352852
-28 6 -0.0382956823
-27 6 -0.0564760352
-26 6 -0.0793063537
-25 6 -0.1081793410
-24 6 -0.1446718610
-23 6 -0.1905588990
-22 6 -0.2478179810
-21 6 -0.3186216413
-20 6 -0.4053149678
-19 6 -0.5103743453
-18 6 -0.6363419239
-17 6 -0.7857274884
-16 6 -0.9608641398
-15 6 -1.1636941660
-14 6 -1.3954421231
-13 6 -1.6560969851
-12 6 -1.9435724361
-11 6 -2.2523682011
-10 6 -2.5715996320
-9 6 -2.8825456784
-8 6 -3.1564905831
-7 6 -3.3544163248
-6 6 -3.4303972899
-5 6 -3.3395712227
-4 6 -3.0492568041
-3 6 -2.5494574778
-2 6 -1.8585608494
-1 6 -1.0222018327
0 6 -0.1064184938
1 6 0.8121029710
2 6 1.6565598748
3 6 2.3605715392
4 6 2.8779543858
5 6 3.1895978797
6 6 3.3046425506
7 6 3.2548281656
8 6 3.0840405206
9 6 2.8372440680
10 6 2.5525574907
11 6 2.2578990404
12 6 1.9713253975
13 6 1.7032111535
14 6 1.4587113076
15 6 1.2397316617
16 6 1.0462579341
17 6 0.8771778955
18 6 0.7307755569
19 6 0.6050304506
20 6 0.4978022758
21 6 0.4069458516
22 6 0.3303816748
23 6 0.2661369666
24 6 0.2123664145
25 6 0.1673585586
26 6 0.1295318278
27 6 0.0974230387
28 6 0.0696704347
29 6 0.0449928769
30 6 0.0221665052
31 6 0.0000000000
-31 7 0.0000000000
-30 7 -0.0103787965
-29 7 -0.0219923702
-28 7 -0.0357475644
-27 7 -0.0526425765
-26 7 -0.0737930565
-25 7 -0.1004534383
-24 7 -0.1340318378
-23 7 -0.1760965305
-22 7 -0.2283716650
-21 7 -0.2927193950
-20 7 -0.3711049750
-19 7 -0.4655403827
-18 7 -0.5780004983
-17 7 -0.7103033984
-16 7 -0.8639423046
-15 7 -1.0398501536
-14 7 -1.2380670378
-13 7 -1.4572645453
-12 7 -1.6940622223
-11 7 -1.9420677927
-10 7 -2.1906310873
-9 7 -2.4234926040
-8 7 -2.6178632515
-7 7 -2.7448623655
-6 7 -2.7723088501
-5 7 -2.6702109574
-4 7 -2.4179603396
-3 7 -2.0109467895
-2 7 -1.4641087558
-1 7 -0.8111688169
0 7 -0.1001095193
1 7 0.6135161321
2 7 1.2740463329
3 7 1.8331785252
4 7 2.2566775890
5 7 2.5289295997
6 7 2.6537446943
7 7 2.6508508754
8 7 2.5493264515
9 7 2.3804528138
10 7 2.1722680904
11 7 1.9468134059
12 7 1.7197241861
13 7 1.5011703260
14 7 1.2972175748
15 7 1.1110737791
16 7 0.9440399323
17 7 0.7961774816
18 7 0.6667620367
19 7 0.5545902223
20 7 0.4581876250
21 7 0.3759494153
22 7 0.3062342482
23 7 0.2474251160
24 7 0.1979664326
25 7 0.1563837829
26 7 0.1212909005
27 7 0.0913872068
28 7 0.0654484250
29 7 0.0423122370
30 7 0.0208605875
31 7 0.0000000000
-31 8 0.0000000000
-30 8 -0.0095879377
-29 8 -0.0203046327
-28 8 -0.0329692371
-27 8 -0.0484798929
-26 8 -0.0678346486
-25 8 -0.0921473385
-24 8 -0.1226566436
-23 8 -0.1607262368
-22 8 -0.2078335517
-21 8 -0.2655442574
-20 8 -0.3354689386
-19 8 -0.4191976529
-18 8 -0.5182068624
-17 8 -0.6337315206
-16 8 -0.7665926657
-15 8 -0.9169675204
-14 8 -1.0840848340
-13 8 -1.2658238807
-12 8 -1.4581950855
-11 8 -1.6546950762
-10 8 -1.8455821529
-9 8 -2.0172377266
-8 8 -2.1519648144
-7 8 -2.2287424502
-6 8 -2.2254204095
-5 8 -2.1224248279
-4 8 -1.9073032459
-3 8 -1.5787672567
-2 8 -1.1488135013
-1 8 -0.6421794111
0 8 -0.0933790156
1 8 0.4578065418
2 8 0.9714953483
3 8 1.4128769618
4 8 1.7567391434
5 8 1.9904593774
6 8 2.1145845402
7 8 2.1407508536
8 8 2.0876848493
9 8 1.9767016396
10 8 1.8280395100
11 8 1.6586998622
12 8 1.4817200357
13 8 1.3063933727
14 8 1.1389171412
15 8 0.9831173961
16 8 0.8410860155
17 8 0.7136852050
18 8 0.6009283041
19 8 0.5022607324
20 8 0.4167644850
21 8 0.3433051370
22 8 0.2806358074
23 8 0.2274688700
24 8 0.1825234088
25 8 0.1445543694
26 8 0.1123678634
27 8 0.0848260300
28 8 0.0608441042
29 8 0.0393818146
30 8 0.0194308651
31 8 0.0000000000
-31 9 0.0000000000
-30 9 -0.0087537284
-29 9 -0.0185274660
-28 9 -0.0300517238
-27 9 -0.0441242297
-26 9 -0.0616261351
-25 9 -0.0835331030
-24 9 -0.1109194789
-23 9 -0.1449534660
-22 9 -0.1868809009
-21 9 -0.2379948610
-20 9 -0.2995878932
-19 9 -0.3728831049
-18 9 -0.4589396597
-17 9 -0.5585273653
-16 9 -0.6719640757
-15 9 -0.7989087917
-14 9 -0.9381032283
-13 9 -1.0870566409
-12 9 -1.2416760451
-11 9 -1.3958629315
-10 9 -1.5411378357
-9 9 -1.6664232615
-8 9 -1.7582027879
-7 9 -1.8013295528
-6 9 -1.7806921169
-5 9 -1.6836904461
-4 9 -1.5030776096
-3 9 -1.2393907620
-2 9 -0.9021762664
-1 9 -0.5095762505
0 9 -0.0863742301
1 9 0.3390261640
2 9 0.7381287369
3 9 1.0858776786
4 9 1.3636946316
5 9 1.5614580960
6 9 1.6779493121
7 9 1.7196646624
8 9 1.6984246727
9 9 1.6285720516
10 9 1.5245326267
11 9 1.3991813503
12 9 1.2630588962
13 9 1.1242297051
14 9 0.9885077953
15 9 0.8598326478
16 9 0.7406653803
17 9 0.6323450155
18 9 0.5353852262
19 9 0.4497110763
20 9 0.3748426312
21 9 0.3100342258
22 9 0.2543778398
23 9 0.2068779060
24 9 0.1665035974
25 9 0.1322234647
26 9 0.1030263237
27 9 0.0779315209
28 9 0.0559911186
29 9 0.0362860966
30 9 0.0179183467
31 9 0.0000000000
-31 10 0.0000000000
-30 10 -0.0079009105
-29 10 -0.0167133687
-28 10 -0.0270808380
-27 10 -0.0397031272
-26 10 -0.0553484789
-25 10 -0.0748606377
-24 10 -0.0991591649
-23 10 -0.1292310389
-22 10 -0.1661113333
-21 10 -0.2108505175
-20 10 -0.2644656703
-19 10 -0.3278726474
-18 10 -0.4017960223
-17 10 -0.4866535016
-16 10 -0.5824116727
-15 10 -0.6884107322
-14 10 -0.8031579408
-13 10 -0.9240941513
-12 10 -1.0473468432
-11 10 -1.1674995544
-10 10 -1.2774343373
-9 10 -1.3683403526
-8 10 -1.4300169528
-7 10 -1.4516055456
-6 10 -1.4228216438
-5 10 -1.3356047295
-4 10 -1.1858951442
-3 10 -0.9750885502
-2 10 -0.7107235361
-1 10 -0.4061531675
0 10 -0.0792363517
1 10 0.2496900682
2 10 0.5602049141
3 10 0.8342011752
4 10 1.0579282621
5 10 1.2233233781
6 10 1.3283694465
7 10 1.3764416133
8 10 1.3748891466
9 10 1.3332947042
10 10 1.2618580899
11 10 1.1701932604
12 10 1.0666193697
13 10 0.9578734046
14 10 0.8491096656
15 10 0.7440578601
16 10 0.6452473309
17 10 0.5542418399
18 10 0.4718563612
19 10 0.3983439426
20 10 0.3335498033
21 10 0.2770343353
22 10 0.2281685782
23 10 0.1862062696
24 10 0.1503364441
25 10 0.1197201519
26 10 0.0935143943
27 10 0.0708859240
28 10 0.0510171674
29 10 0.0331062099
30 10 0.0163625321
31 10 0.0000000000
-31 11 0.0000000000
-30 11 -0.0070518763
-29 11 -0.0149097000
-28 11 -0.0241335674
-27 11 -0.0353301466
-26 11 -0.0491612990
-25 11 -0.0663479258
-24 11 -0.0876674388
-23 11 -0.1139430837
-22 11 -0.1460231858
-21 11 -0.1847482672
-20 11 -0.2309039122
-19 11 -0.2851572730
-18 11 -0.3479752717
-17 11 -0.4195229641
-16 11 -0.4995413958
-15 11 -0.5872059115
-14 11 -0.6809688116
-13 11 -0.7783952368
-12 11 -0.8760091705
-11 11 -0.9691783944
-10 11 -1.0520830996
-9 11 -1.1178298585
-8 11 -1.1587826308
-7 11 -1.1671707257
-6 11 -1.1359840454
-5 11 -1.0600747078
-4 11 -0.9372755938
-3 11 -0.7692725521
-2 11 -0.5619792896
-1 11 -0.3252718775
0 11 -0.0720963877
1 11 0.1829012635
2 11 0.4249989394
3 11 0.6410263253
4 11 0.8207480119
5 11 0.9577763512
6 11 1.0498635212
7 11 1.0985573914
8 11 1.1083621201
9 11 1.0856522421
10 11 1.0376014175
11 11 0.9713134653
12 11 0.8932351542
13 11 0.8088394819
14 11 0.7225191036
15 11 0.6376183363
16 11 0.5565425941
17 11 0.4809014927
18 11 0.4116579878
19 11 0.3492680022
20 11 0.2938030200
21 11 0.2450530318
22 11 0.2026099693
23 11 0.1659331733
24 11 0.1343990437
25 11 0.1073371792
26 11 0.0840552505
27 11 0.0638546823
28 11 0.0460390302
29 11 0.0299167458
30 11 0.0147998627
31 11 0.0000000000
-31 12 0.0000000000
-30 12 -0.0062259040
-29 12 -0.0131570913
-28 12 -0.0212755617
-27 12 -0.0311013113
-26 12 -0.0431981346
-25 12 -0.0581750151
-24 12 -0.0766816685
-23 12 -0.0993967013
-22 12 -0.1270067666
-21 12 -0.1601750957
-20 12 -0.1994978590
-19 12 -0.2454470285
-18 12 -0.2982988335
-17 12 -0.3580476311
-16 12 -0.4243062082
-15 12 -0.4961954371
-14 12 -0.5722291374
-13 12 -0.6502043194
-12 12 -0.7271130109
-11 12 -0.7990995367
-10 12 -0.8614954664
-9 12 -0.9089707411
-8 12 -0.9358385270
-7 12 -0.9365359790
-6 12 -0.9062675860
-5 12 -0.8417441268
-4 12 -0.7418937045
-3 12 -0.6083878835
-2 12 -0.4458387495
-1 12 -0.2615847280
0 12 -0.0650718926
1 12 0.1330799130
2 12 0.3221825071
3 12 0.4925887508
4 12 0.6366379835
5 12 0.7492930367
6 12 0.8283781780
7 12 0.8744095655
8 12 0.8900984657
9 12 0.8796694435
10 12 0.8481486226
11 12 0.8007439136
12 12 0.7423828993
13 12 0.6774208577
14 12 0.6094963601
15 12 0.5414969765
16 12 0.4755970751
17 12 0.4133363288
18 12 0.3557161311
19 12 0.3032989137
20 12 0.2563014067
21 12 0.2146771304
22 12 0.1781861851
23 12 0.1464521070
24 12 0.1190065287
25 12 0.0953228844
26 12 0.0748406193
27 12 0.0569814168
28 12 0.0411589243
29 12 0.0267833924
30 12 0.0132625540
31 12 0.0000000000
-31 13 0.0000000000
-30 13 -0.0054387038
-29 13 -0.0114885214
-28 13 -0.0185597293
-27 13 -0.0270932351
-26 13 -0.0375641711
-25 13 -0.0504815126
-24 13 -0.0663824734
-23 13 -0.0858203833
-22 13 -0.1093447486
-21 13 -0.1374722731
-20 13 -0.1706478073
-19 13 -0.2091945359
-18 13 -0.2532532755
-17 13 -0.3027116176
-16 13 -0.3571249163
-15 13 -0.4156329479
-14 13 -0.4768785798
-13 13 -0.5389381110
-12 13 -0.5992770151
-11 13 -0.6547492238
-10 13 -0.7016617688
-9 13 -0.7359275262
-8 13 -0.7533240124
-7 13 -0.7498624493
-6 13 -0.7222472163
-5 13 -0.6683743845
-4 13 -0.5877884680
-3 13 -0.4820019826
-2 13 -0.3545934019
-1 13 -0.2110362804
0 13 -0.0582646107
1 13 0.0959695804
2 13 0.2438534772
3 13 0.3782742224
4 13 0.4934715732
5 13 0.5854887978
6 13 0.6523646376
7 13 0.6940597722
8 13 0.7121633263
9 13 0.7094620814
10 13 0.6894661390
11 13 0.6559704492
12 13 0.6127023699
13 13 0.5630743842
14 13 0.5100374134
15 13 0.4560168470
16 13 0.4029089723
17 13 0.3521167222
18 13 0.3046075427
19 13 0.2609807079
20 13 0.2215354976
21 13 0.1863349118
22 13 0.1552619759
23 13 0.1280673391
24 13 0.1044079320
25 13 0.0838771177
26 13 0.0660271460
27 13 0.0503849269
28 13 0.0364622262
29 13 0.0237614059
30 13 0.0117778275
31 13 0.0000000000
-31 14 0.0000000000
-30 14 -0.0047022532
-29 14 -0.0099290079
-28 14 -0.0160258417
-27 14 -0.0233627581
-26 14 -0.0323361168
-25 14 -0.0433670597
-24 14 -0.0568953805
-23 14 -0.0733677756
-22 14 -0.0932194711
-21 14 -0.1168483513
-20 14 -0.1445809743
-19 14 -0.1766302621
-18 14 -0.2130452628
-17 14 -0.2536542484
-16 14 -0.2980035882
-15 14 -0.3452964036
-14 14 -0.3943369747
-13 14 -0.4434892144
-12 14 -0.4906600303
-11 14 -0.5333206071
-10 14 -0.5685796879
-9 14 -0.5933215174
-8 14 -0.6044156580
-7 14 -0.5989951710
-6 14 -0.5747837834
-5 14 -0.5304342775
-4 14 -0.4658248710
-3 14 -0.3822545559
-2 14 -0.2824871036
-1 14 -0.1706165851
0 14 -0.0517590303
1 14 0.0683933676
2 14 0.1840947623
3 14 0.2900712480
4 14 0.3819756786
5 14 0.4567103152
6 14 0.5125798716
7 14 0.5492690161
8 14 0.5676699985
9 14 0.5696091558
10 14 0.5575298685
11 14 0.5341839198
12 14 0.5023680183
13 14 0.4647241920
14 14 0.4236072592
15 14 0.3810122143
16 14 0.3385492433
17 14 0.2974529266
18 14 0.2586134239
19 14 0.2226197463
20 14 0.1898077495
21 14 0.1603077655
22 14 0.1340886493
23 14 0.1109964179
24 14 0.0907866689
25 14 0.0731506554
26 14 0.0577353418
27 14 0.0441580500
28 14 0.0320164676
29 14 0.0208948799
30 14 0.0103675266
31 14 0.0000000000
-31 15 0.0000000000
-30 15 -0.0040248798
-29 15 -0.0084958191
-28 15 -0.0137009811
-27 15 -0.0199478173
-26 15 -0.0275637968
-25 15 -0.0368941114
-24 15 -0.0482954838
-23 15 -0.0621252352
-22 15 -0.0787248567
-21 15 -0.0983974983
-20 15 -0.1213790721
-19 15 -0.1478030867
-18 15 -0.1776599189
-17 15 -0.2107520168
-16 15 -0.2466475451
-15 15 -0.2846362222
-14 15 -0.3236925445
-13 15 -0.3624531271
-12 15 -0.3992162869
-11 15 -0.4319728583
-10 15 -0.4584769498
-9 15 -0.4763631580
-8 15 -0.4833119086
-7 15 -0.4772567458
-6 15 -0.4566171259
-5 15 -0.4205295116
-4 15 -0.3690415067
-3 15 -0.3032319349
-2 15 -0.2252264422
-1 15 -0.1380930354
0 15 -0.0456217984
1 15 0.0479869325
2 15 0.1384858320
3 15 0.2219465419
4 15 0.2950793761
5 15 0.3554661041
6 15 0.4016806309
7 15 0.4332921924
8 15 0.4507653534
9 15 0.4552858927
10 15 0.4485483920
11 15 0.4325396759
12 15 0.4093444237
13 15 0.3809888144
14 15 0.3493281086
15 15 0.3159765422
16 15 0.2822733364
17 15 0.2492766681
18 15 0.2177773298
19 15 0.1883247582
20 15 0.1612595290
21 15 0.1367479022
22 15 0.1148153488
23 15 0.0953770948
24 15 0.0782645860
25 15 0.0632474102
26 15 0.0500506685
27 15 0.0383680962
28 15 0.0278714388
29 15 0.0182167144
30 15 0.0090480724
31 15 0.0000000000
-31 16 0.0000000000
-30 16 -0.0034115368
-29 16 -0.0071990878
-28 16 -0.0116006279
-27 16 -0.0168692309
-26 16 -0.0232729783
-25 16 -0.0310923035
-24 16 -0.0406140652
-23 16 -0.0521216944
-22 16 -0.0658808663
-21 16 -0.0821203310
-20 16 -0.1010078223
-19 16 -0.1226213590
-18 16 -0.1469167897
-17 16 -0.1736931045
-16 16 -0.2025578627
-15 16 -0.2328960216
-14 16 -0.2638464533
-13 16 -0.2942913736
-12 16 -0.3228645778
-11 16 -0.3479844900
-10 16 -0.3679171824
-9 16 -0.3808723063
-8 16 -0.3851309803
-7 16 -0.3791991405
-6 16 -0.3619732833
-5 16 -0.3328992332
-4 16 -0.2921004306
-3 16 -0.2404521171
-2 16 -0.1795827768
-1 16 -0.1117939178
0 16 -0.0399019018
1 16 0.0329816907
2 16 0.1037044419
3 16 0.1693298105
4 16 0.2273635983
5 16 0.2759229554
6 16 0.3138306618
7 16 0.3406299880
8 16 0.3565279296
9 16 0.3622842956
10 16 0.3590691703
11 16 0.3483112837
12 16 0.3315558952
13 16 0.3103447500
14 16 0.2861243639
15 16 0.2601836242
16 16 0.2336180394
17 16 0.2073159572
18 16 0.1819613630
19 16 0.1580480603
20 16 0.1359007250
21 16 0.1156992220
22 16 0.0975034902
23 16 0.0812771259
24 16 0.0669084866
25 16 0.0542286826
26 16 0.0430262392
27 16 0.0330585145
28 16 0.0240601718
29 16 0.0157491537
30 16 0.0078306981
31 16 0.0000000000
-31 17 0.0000000000
-30 17 -0.0028642121
-29 17 -0.0060427012
-28 17 -0.0097301761
-27 17 -0.0141330758
-26 17 -0.0194689552
-25 17 -0.0259637324
-24 17 -0.0338462349
-23 17 -0.0433395484
-22 17 -0.0546487802
-21 17 -0.0679450349
-20 17 -0.0833456648
-19 17 -0.1008912101
-18 17 -0.1205199087
-17 17 -0.1420412034
-16 17 -0.1651103169
-15 17 -0.1892066434
-14 17 -0.2136193669
-13 17 -0.2374442396
-12 17 -0.2595956897
-11 17 -0.2788381606
-10 17 -0.2938395820
-9 17 -0.3032479375
-8 17 -0.3057889270
-7 17 -0.3003788945
-6 17 -0.2862429999
-5 17 -0.2630249334
-4 17 -0.2308724085
-3 17 -0.1904832131
-2 17 -0.1431002696
-1 17 -0.0904506282
0 17 -0.0346314899
1 17 0.0220454133
2 17 0.0772331281
3 17 0.1287307968
4 17 0.1746451536
5 17 0.2135138225
6 17 0.2443784254
7 17 0.2668035536
8 17 0.2808457135
9 17 0.2869828042
10 17 0.2860183905
11 17 0.2789757089
12 17 0.2669944461
13 17 0.2512398714
14 17 0.2328299459
15 17 0.2127824311
16 17 0.1919812708
17 17 0.1711597468
18 17 0.1508970384
19 17 0.1316246132
20 17 0.1136391304
21 17 0.0971190277
22 17 0.0821425528
23 17 0.0687055851
24 17 0.0567381176
25 17 0.0461187141
26 17 0.0366866133
27 17 0.0282514242
28 17 0.0206005651
29 17 0.0135047450
30 17 0.0067218918
31 17 0.0000000000
-31 18 0.0000000000
-30 18 -0.0023824158
-29 18 -0.0050253462
-28 18 -0.0080866802
-27 18 -0.0117333604
-26 18 -0.0161404708
-25 18 -0.0214885677
-24 18 -0.0279588145
-23 18 -0.0357255484
-22 18 -0.0449460184
-21 18 -0.0557472034
-20 18 -0.0682098538
-19 18 -0.0823502098
-18 18 -0.0981002254
-17 18 -0.1152875674
-16 18 -0.1336171392
-15 18 -0.1526563529
-14 18 -0.1718267916
-13 18 -0.1904051565
-12 18 -0.2075363894
-11 18 -0.2222614387
-10 18 -0.2335611890
-9 18 -0.2404164984
-8 18 -0.2418821014
-7 18 -0.2371695263
-6 18 -0.2257315073
-5 18 -0.2073382308
-4 18 -0.1821347768
-3 18 -0.1506698518
-2 18 -0.1138885816
-1 18 -0.0730864960
0 18 -0.0298271975
1 18 0.0141684444
2 18 0.0571494138
3 18 0.0974633833
4 18 0.1336725359
5 18 0.1646438546
6 18 0.1896054723
7 18 0.2081658633
8 18 0.2202979261
9 18 0.2262943378
10 18 0.2267032751
11 18 0.2222544269
12 18 0.2137844000
13 18 0.2021686559
14 18 0.1882646540
15 18 0.1728684574
16 18 0.1566850570
17 18 0.1403112356
18 18 0.1242289535
19 18 0.1088068753
20 18 0.0943076634
21 18 0.0808988972
22 18 0.0686658272
23 18 0.0576245729
24 18 0.0477347536
25 18 0.0389108892
26 18 0.0310321995
27 18 0.0239506668
28 18 0.0174974113
29 18 0.0114875714
30 18 0.0057239795
31 18 0.0000000000
-31 19 0.0000000000
-30 19 -0.0019636939
-29 19 -0.0041416059
-28 19 -0.0066606650
-27 19 -0.0096547488
-26 19 -0.0132636372
-25 19 -0.0176305413
-24 19 -0.0228978703
-23 19 -0.0292009638
-22 19 -0.0366596208
-21 19 -0.0453674067
-20 19 -0.0553789223
-19 19 -0.0666954756
-18 19 -0.0792498992
-17 19 -0.0928915972
-16 19 -0.1073732532
-15 19 -0.1223409568
-14 19 -0.1373297499
-13 19 -0.1517666908
-12 19 -0.1649834041
-11 19 -0.1762396384
-10 19 -0.1847585373
-9 19 -0.1897730966
-8 19 -0.1905817126
-7 19 -0.1866089472
-6 19 -0.1774659506
-5 19 -0.1630037356
-4 19 -0.1433520841
-3 19 -0.1189375810
-2 19 -0.0904762030
-1 19 -0.0589388577
0 19 -0.0254918201
1 19 0.0085824719
2 19 0.0419759759
3 19 0.0734470543
4 19 0.1019039293
5 19 0.1264709892
6 19 0.1465320070
7 19 0.1617477101
8 19 0.1720486132
9 19 0.1776069670
10 19 0.1787936420
11 19 0.1761265628
12 19 0.1702170236
13 19 0.1617191216
14 19 0.1512860268
15 19 0.1395351999
16 19 0.1270232463
17 19 0.1142299907
18 19 0.1015506304
19 19 0.0892944261
20 19 0.0776882773
21 19 0.0668836007
22 19 0.0569651261
23 19 0.0479604792
24 19 0.0398496931
25 19 0.0325740458
26 19 0.0260438579
27 19 0.0201450741
28 19 0.0147446174
29 19 0.0096946258
30 19 0.0048357807
31 19 0.0000000000
-31 20 0.0000000000
-30 20 -0.0016041308
-29 20 -0.0033830231
-28 20 -0.0054378622
-27 20 -0.0078751414
-26 20 -0.0108055935
-25 20 -0.0143419813
-24 20 -0.0185954919
-23 20 -0.0236705380
-22 20 -0.0296578623
-21 20 -0.0366259715
-20 20 -0.0446110934
-19 20 -0.0536060601
-18 20 -0.0635487574
-17 20 -0.0743110363
-16 20 -0.0856892338
-15 20 -0.0973976609
-14 20 -0.1090665547
-13 20 -0.1202459909
-12 20 -0.1304170800
-11 20 -0.1390113605
-10 20 -0.1454386299
-9 20 -0.1491225296
-8 20 -0.1495420762
-7 20 -0.1462761344
-6 20 -0.1390467578
-5 20 -0.1277566025
-4 20 -0.1125154894
-3 20 -0.0936518061
-2 20 -0.0717058290
-1 20 -0.0474040785
0 20 -0.0216161970
1 20 0.0047018347
2 20 0.0305724581
3 20 0.0550625180
4 20 0.0773436184
5 20 0.0967409136
6 20 0.1127661166
7 20 0.1251327203
8 20 0.1337537388
9 20 0.1387242817
10 20 0.1402926951
11 20 0.1388246880
12 20 0.1347648350
13 20 0.1285992608
14 20 0.1208223760
15 20 0.1119094846
16 20 0.1022960821
17 20 0.0923638423
18 20 0.0824326987
19 20 0.0727580568
20 20 0.0635320104
21 20 0.0548874219
22 20 0.0469038191
23 20 0.0396142180
24 20 0.0330121650
25 20 0.0270584817
26 20 0.0216873714
27 20 0.0168117054
28 20 0.0123274384
29 20 0.0081172113
30 20 0.0040532837
31 20 0.0000000000
-31 21 0.0000000000
-30 21 -0.0012988075
-29 21 -0.0027390681
-28 21 -0.0044007804
-27 21 -0.0063679818
-26 21 -0.0087277294
-25 21 -0.0115681796
-24 21 -0.0149755718
-23 21 -0.0190299793
-22 21 -0.0237997677
-21 21 -0.0293348089
-20 21 -0.0356586393
-19 21 -0.0427599117
-18 21 -0.0505836771
-17 21 -0.0590232201
-16 21 -0.0679133479
-15 21 -0.0770261689
-14 21 -0.0860704628
-13 21 -0.0946957024
-12 21 -0.1025016034
-11 21 -0.1090537318
-10 21 -0.1139051666
-9 21 -0.1166235303
-8 21 -0.1168219053
-7 21 -0.1141913478
-6 21 -0.1085320339
-5 21 -0.0997796579
-4 21 -0.0880237083
-3 21 -0.0735147423
-2 21 -0.0566587792
-1 21 -0.0379983280
0 21 -0.0181811697
1 21 0.0020804327
2 21 0.0220561796
3 21 0.0410451975
4 21 0.0584198077
5 21 0.0736614714
6 21 0.0863859030
7 21 0.0963558049
8 21 0.1034812217
9 21 0.1078088927
10 21 0.1095030000
11 21 0.1088202657
12 21 0.1060824407
13 21 0.1016489262
14 21 0.0958917022
15 21 0.0891740535
16 21 0.0818338919
17 21 0.0741718758
18 21 0.0664440599
19 21 0.0588584999
20 21 0.0515750581
21 21 0.0447076062
22 21 0.0383278481
23 21 0.0324700793
24 21 0.0271363164
25 21 0.0223013684
26 21 0.0179175499
27 21 0.0139188646
28 21 0.0102245884
29 21 0.0067422771
30 21 0.0033702932
31 21 0.0000000000
-31 22 0.0000000000
-30 22 -0.0010421985
-29 22 -0.0021979710
-28 22 -0.0035300439
-27 22 -0.0051042043
-26 22 -0.0069883752
-25 22 -0.0092509830
-24 22 -0.0119584768
-23 22 -0.0151719018
-22 22 -0.0189424969
-21 22 -0.0233063766
-20 22 -0.0282784636
-19 22 -0.0338459710
-18 22 -0.0399618686
-17 22 -0.0465389083
-16 22 -0.0534449031
-15 22 -0.0605000404
-14 22 -0.0674770331
-13 22 -0.0741048507
-12 22 -0.0800766090
-11 22 -0.0850619078
-10 22 -0.0887235009
-9 22 -0.0907376823
-8 22 -0.0908172086
-7 22 -0.0887350435
-6 22 -0.0843467714
-5 22 -0.0776093006
-4 22 -0.0685935300
-3 22 -0.0574890430
-2 22 -0.0445996061
-1 22 -0.0303292127
0 22 -0.0151595027
1 22 0.0003795689
2 22 0.0157431011
3 22 0.0304054575
4 22 0.0438920598
5 22 0.0558058754
6 22 0.0658464513
7 22 0.0738203103
8 22 0.0796425677
9 22 0.0833305783
10 22 0.0849911513
11 22 0.0848033110
12 22 0.0829987052
13 22 0.0798416241
14 22 0.0756102548
15 22 0.0705803508
16 22 0.0650120271
17 22 0.0591399594
18 22 0.0531669113
19 22 0.0472602618
20 22 0.0415510425
21 22 0.0361349261
22 22 0.0310746028
23 22 0.0264030266
24 22 0.0221270919
25 22 0.0182313914
26 22 0.0146818060
27 22 0.0114287680
28 22 0.0084101284
29 22 0.0055536254
30 22 0.0027790196
31 22 0.0000000000
-31 23 0.0000000000
-30 23 -0.0008284935
-29 23 -0.0017473968
-28 23 -0.0028054707
-27 23 -0.0040537867
-26 23 -0.0055449165
-25 23 -0.0073315735
-24 23 -0.0094646025
-23 23 -0.0119902523
-22 23 -0.0149467187
-21 23 -0.0183600176
-20 23 -0.0222393345
-19 23 -0.0265720933
-18 23 -0.0313190941
-17 23 -0.0364101662
-16 23 -0.0417408660
-15 23 -0.0471708020
-14 23 -0.0525241669
-13 23 -0.0575929943
-12 23 -0.0621435168
-11 23 -0.0659257724
-10 23 -0.0686863042
-9 23 -0.0701834299
-8 23 -0.0702041704
-7 23 -0.0685815598
-6 23 -0.0652107867
-5 23 -0.0600624861
-4 23 -0.0531915760
-3 23 -0.0447403267
-2 23 -0.0349348593
-1 23 -0.0240749400
0 23 -0.0125176751
1 23 -0.0006564243
2 23 0.0111031887
3 23 0.0223679531
4 23 0.0327801733
5 23 0.0420371723
6 23 0.0499056549
7 23 0.0562300361
8 23 0.0609345417
9 23 0.0640195463
10 23 0.0655531343
11 23 0.0656592061
12 23 0.0645035801
13 23 0.0622794886
14 23 0.0591936660
15 23 0.0554539440
16 23 0.0512589495
17 23 0.0467901938
18 23 0.0422065813
19 23 0.0376411626
20 23 0.0331998227
21 23 0.0289615234
22 23 0.0249796966
23 23 0.0212844047
24 23 0.0178849318
25 23 0.0147725296
26 23 0.0119231148
27 23 0.0092997831
28 23 0.0068550693
29 23 0.0045329443
30 23 0.0022705859
31 23 0.0000000000
-31 24 0.0000000000
-30 24 -0.0006518426
-29 24 -0.0013749543
-28 24 -0.0022068802
-27 24 -0.0031869003
-26 24 -0.0043553408
-25 24 -0.0057524650
-24 24 -0.0074168696
-23 24 -0.0093833413
-22 24 -0.0116801740
-21 24 -0.0143260008
-20 24 -0.0173262625
-19 24 -0.0206695097
-18 24 -0.0243238098
-17 24 -0.0282336037
-16 24 -0.0323174098
-15 24 -0.0364668040
-14 24 -0.0405470934
-13 24 -0.0444000394
-12 24 -0.0478488761
-11 24 -0.0507056874
-10 24 -0.0527809848
-9 24 -0.0538950644
-8 24 -0.0538904465
-7 24 -0.0526444608
-6 24 -0.0500808613
-5 24 -0.0461792883
-4 24 -0.0409814631
-3 24 -0.0345932230
-2 24 -0.0271818657
-1 24 -0.0189687334
0 24 -0.0102174766
1 24 -0.0012189200
2 24 0.0077261646
3 24 0.0163248409
4 24 0.0243087730
5 24 0.0314485497
6 24 0.0375644644
7 24 0.0425330778
8 24 0.0462893693
9 24 0.0488247336
10 24 0.0501814529
11 24 0.0504445274
12 24 0.0497318630
13 24 0.0481838042
14 24 0.0459528909
15 24 0.0431945310
16 24 0.0400590723
17 24 0.0366855391
18 24 0.0331971072
19 24 0.0296982378
20 24 0.0262732816
21 24 0.0229862954
22 24 0.0198817892
23 24 0.0169861233
24 24 0.0143093022
25 24 0.0118469531
26 24 0.0095823257
27 24 0.0074882026
28 24 0.0055286572
29 24 0.0036606435
30 24 0.0018354400
31 24 0.0000000000
-31 25 0.0000000000
-30 25 -0.0005065233
-29 25 -0.0010685450
-28 25 -0.0017146405
-27 25 -0.0024746779
-26 25 -0.0033792478
-25 25 -0.0044587765
-24 25 -0.0057422665
-23 25 -0.0072556380
-22 25 -0.0090196737
-21 25 -0.0110476172
-20 25 -0.0133425215
-19 25 -0.0158945043
-18 25 -0.0186781166
-17 25 -0.0216500870
-16 25 -0.0247477365
-15 25 -0.0278883761
-14 25 -0.0309699829
-13 25 -0.0338734032
-12 25 -0.0364662346
-11 25 -0.0386084105
-10 25 -0.0401593440
-9 25 -0.0409862985
-8 25 -0.0409734668
-7 25 -0.0400310745
-6 25 -0.0381037112
-5 25 -0.0351770570
-4 25 -0.0312822350
-3 25 -0.0264971780
-2 25 -0.0209446564
-1 25 -0.0147869340
0 25 -0.0082173647
1 25 -0.0014495765
2 25 0.0052948540
3 25 0.0117991693
4 25 0.0178635476
5 25 0.0233155679
6 25 0.0280182368
7 25 0.0318750758
8 25 0.0348320938
9 25 0.0368767802
10 25 0.0380345197
11 25 0.0383630150
12 25 0.0379454027
13 25 0.0368827579
14 25 0.0352866203
15 25 0.0332720624
16 25 0.0309516754
17 25 0.0284307018
18 25 0.0258034036
19 25 0.0231506407
20 25 0.0205385482
21 25 0.0180181427
22 25 0.0156256626
23 25 0.0133834409
24 25 0.0113011239
25 25 0.0093770744
26 25 0.0075998335
27 25 0.0059495515
28 25 0.0043993337
29 25 0.0029164858
30 25 0.0014636688
31 25 0.0000000000
-31 26 0.0000000000
-30 26 -0.0003870379
-29 26 -0.0008165612
-28 26 -0.0013099746
-27 26 -0.0018896323
-26 26 -0.0025783809
-25 26 -0.0033988650
-24 26 -0.0043725597
-23 26 -0.0055185097
-22 26 -0.0068517835
-21 26 -0.0083816815
-20 26 -0.0101097774
-19 26 -0.0120279082
-18 26 -0.0141162739
-17 26 -0.0163418364
-16 26 -0.0186572370
-15 26 -0.0210004538
-14 26 -0.0232954091
-13 26 -0.0254536944
-12 26 -0.0273775101
-11 26 -0.0289638190
-10 26 -0.0301095952
-9 26 -0.0307179149
-8 26 -0.0307045083
-7 26 -0.0300042812
-6 26 -0.0285772428
-5 26 -0.0264132587
-4 26 -0.0235350978
-3 26 -0.0199993573
-2 26 -0.0158950296
-1 26 -0.0113396958
0 26 -0.0064735662
1 26 -0.0014518170
2 26 0.0035641546
3 26 0.0084158210
4 26 0.0129562021
5 26 0.0170574343
6 26 0.0206166712
7 26 0.0235599498
8 26 0.0258438738
9 26 0.0274551819
10 26 0.0284084513
11 26 0.0287423259
12 26 0.0285147351
13 26 0.0277975860
14 26 0.0266713817
15 26 0.0252201466
16 26 0.0235269458
17 26 0.0216701827
18 26 0.0197207637
19 26 0.0177401312
20 26 0.0157791027
21 26 0.0138774070
22 26 0.0120637852
23 26 0.0103565129
24 26 0.0087642099
25 26 0.0072868182
26 26 0.0059166517
27 26 0.0046394483
28 26 0.0034353821
29 26 0.0022800180
30 26 0.0011452145
31 26 0.0000000000
-31 27 0.0000000000
-30 27 -0.0002881445
-29 27 -0.0006079499
-28 27 -0.0009750520
-27 27 -0.0014057672
-26 27 -0.0019167382
-25 27 -0.0025244089
-24 27 -0.0032443009
-23 27 -0.0040900827
-22 27 -0.0050724363
-21 27 -0.0061977555
-20 27 -0.0074667324
-19 27 -0.0088729216
-18 27 -0.0104013961
-17 27 -0.0120276353
-16 27 -0.0137167984
-15 27 -0.0154235408
-14 27 -0.0170925172
-13 27 -0.0186596842
-12 27 -0.0200544616
-11 27 -0.0212027434
-10 27 -0.0220306638
-9 27 -0.0224689338
-8 27 -0.0224574737
-7 27 -0.0219499974
-6 27 -0.0209181566
-5 27 -0.0193548454
-4 27 -0.0172763040
-3 27 -0.0147227425
-2 27 -0.0117573263
-1 27 -0.0084635175
0 27 -0.0049409260
1 27 -0.0012999740
2 27 0.0023441997
3 27 0.0058780981
4 27 0.0091959672
5 27 0.0122051627
6 27 0.0148303918
7 27 0.0170165673
8 27 0.0187301592
9 27 0.0199590690
10 27 0.0207111875
11 27 0.0210118852
12 27 0.0209007496
13 27 0.0204279004
14 27 0.0196501960
15 27 0.0186276063
16 27 0.0174199607
17 27 0.0160842155
18 27 0.0146723155
19 27 0.0132296650
20 27 0.0117941752
21 27 0.0103958190
22 27 0.0090566060
23 27 0.0077908789
24 27 0.0066058368
25 27 0.0055022000
26 27 0.0044749456
27 27 0.0035140610
28 27 0.0026052847
29 27 0.0017308162
30 27 0.0008700002
31 27 0.0000000000
-31 28 0.0000000000
-30 28 -0.0002048335
-29 28 -0.0004321602
-28 28 -0.0006928966
-27 28 -0.0009984243
-26 28 -0.0013603307
-25 28 -0.0017900313
-24 28 -0.0022982555
-23 28 -0.0028943909
-22 28 -0.0035856907
-21 28 -0.0043763702
-20 28 -0.0052666317
-19 28 -0.0062516820
-18 28 -0.0073208216
-17 28 -0.0084567026
-16 28 -0.0096348587
-15 28 -0.0108236161
-14 28 -0.0119844775
-13 28 -0.0130730540
-12 28 -0.0140405801
-11 28 -0.0148359990
-10 28 -0.0154085513
-9 28 -0.0157107352
-8 28 -0.0157014531
-7 28 -0.0153491094
-6 28 -0.0146343997
-5 28 -0.0135525253
-4 28 -0.0121145954
-3 28 -0.0103480352
-2 28 -0.0082958975
-1 28 -0.0060150762
0 28 -0.0035735240
1 28 -0.0010466746
2 28 0.0014866508
3 28 0.0039485248
4 28 0.0062660401
5 28 0.0083749634
6 28 0.0102226564
7 28 0.0117700823
8 28 0.0129928127
9 28 0.0138810453
10 28 0.0144387246
11 28 0.0146819290
12 28 0.0146367226
13 28 0.0143366930
14 28 0.0138203855
15 28 0.0131288195
16 28 0.0123032346
17 28 0.0113831715
18 28 0.0104049439
19 28 0.0094005206
20 28 0.0083968024
21 28 0.0074152500
22 28 0.0064718097
23 28 0.0055770698
24 28 0.0047365854
25 28 0.0039513120
26 28 0.0032180990
27 28 0.0025302070
28 28 0.0018778234
29 28 0.0012485661
30 28 0.0006279746
31 28 0.0000000000
-31 29 0.0000000000
-30 29 -0.0001322552
-29 29 -0.0002789911
-28 29 -0.0004471373
-27 29 -0.0006439111
-26 29 -0.0008766467
-25 29 -0.0011525493
-24 29 -0.0014783646
-23 29 -0.0018599597
-22 29 -0.0023018204
-21 29 -0.0028064810
-20 29 -0.0033739123
-19 29 -0.0040009101
-18 29 -0.0046805312
-17 29 -0.0054016413
-16 29 -0.0061486365
-15 29 -0.0069014059
-14 29 -0.0076355927
-13 29 -0.0083231958
-12 29 -0.0089335334
-11 29 -0.0094345577
-10 29 -0.0097944756
-9 29 -0.0099835935
-8 29 -0.0099762697
-7 29 -0.0097528299
-6 29 -0.0093012850
-5 29 -0.0086186915
-4 29 -0.0077120082
-3 29 -0.0065983420
-2 29 -0.0053045195
-1 29 -0.0038659870
0 29 -0.0023250988
1 29 -0.0007289169
2 29 0.0008733085
3 29 0.0024327794
4 29 0.0039037036
5 29 0.0052455675
6 29 0.0064249668
7 29 0.0074168840
8 29 0.0082053551
9 29 0.0087835281
10 29 0.0091531654
11 29 0.0093236851
12 29 0.0093108608
13 29 0.0091353138
14 29 0.0088209257
15 29 0.0083932890
16 29 0.0078782874
17 29 0.0073008748
18 29 0.0066840912
19 29 0.0060483309
20 29 0.0054108558
21 29 0.0047855310
22 29 0.0041827495
23 29 0.0036095070
24 29 0.0030695872
25 29 0.0025638216
26 29 0.0020903922
27 29 0.0016451550
28 29 0.0012219655
29 29 0.0008130027
30 29 0.0004090868
31 29 0.0000000000
-31 30 0.0000000000
-30 30 -0.0000656088
-29 30 -0.0001383587
-28 30 -0.0002216331
-27 30 -0.0003189516
-26 30 -0.0004338835
-25 30 -0.0005699263
-24 30 -0.0007303422
-23 30 -0.0009179533
-22 30 -0.0011348967
-21 30 -0.0013823473
-20 30 -0.0016602233
-19 30 -0.0019668918
-18 30 -0.0022989003
-17 30 -0.0026507627
-16 30 -0.0030148319
-15 30 -0.0033812885
-14 30 -0.0037382747
-13 30 -0.0040721915
-12 30 -0.0043681699
-11 30 -0.0046107085
-10 30 -0.0047844567
-9 30 -0.0048751021
-8 30 -0.0048703077
-7 30 -0.0047606273
-6 30 -0.0045403260
-5 30 -0.0042080273
-4 30 -0.0037671187
-3 30 -0.0032258660
-2 30 -0.0025972068
-1 30 -0.0018982233
0 30 -0.0011493249
1 30 -0.0003731980
2 30 0.0004063976
3 30 0.0011658910
4 30 0.0018831230
5 30 0.0025384385
6 30 0.0031155704
7 30 0.0036022614
8 30 0.0039905976
9 30 0.0042770496
10 30 0.0044622491
11 30 0.0045505417
12 30 0.0045493728
13 30 0.0044685705
14 30 0.0043195861
15 30 0.0041147473
16 30 0.0038665713
17 30 0.0035871691
18 30 0.0032877625
19 30 0.0029783201
20 30 0.0026673123
21 30 0.0023615734
22 30 0.0020662555
23 30 0.0017848575
24 30 0.0015193081
25 30 0.0012700877
26 30 0.0010363723
27 30 0.0008161891
28 30 0.0006065754
29 30 0.0004037370
30 30 0.0002032059
31 30 0.0000000000
-31 31 0.0000000000
-30 31 0.0000000000
-29 31 0.0000000000
-28 31 0.0000000000
-27 31 0.0000000000
-26 31 0.0000000000
-25 31 0.0000000000
-24 31 0.0000000000
-23 31 0.0000000000
-22 31 0.0000000000
-21 31 0.0000000000
-20 31 0.0000000000
-19 31 0.0000000000
-18 31 0.0000000000
-17 31 0.0000000000
-16 31 0.0000000000
-15 31 0.0000000000
-14 31 0.0000000000
-13 31 0.0000000000
-12 31 0.0000000000
-11 31 0.0000000000
-10 31 0.0000000000
-9 31 0.0000000000
-8 31 0.0000000000
-7 31 0.0000000000
-6 31 0.0000000000
-5 31 0.0000000000
-4 31 0.0000000000
-3 31 0.0000000000
-2 31 0.0000000000
-1 31 0.0000000000
0 31 0.0000000000
1 31 0.0000000000
2 31 0.0000000000
3 31 0.0000000000
4 31 0.0000000000
5 31 0.0000000000
6 31 0.0000000000
7 31 0.0000000000
8 31 0.0000000000
9 31 0.0000000000
10 31 0.0000000000
11 31 0.0000000000
12 31 0.0000000000
13 31 0.0000000000
14 31 0.0000000000
15 31 0.0000000000
16 31 0.0000000000
17 31 0.0000000000
18 31 0.0000000000
19 31 0.0000000000
20 31 0.0000000000
21 31 0.0000000000
22 31 0.0000000000
23 31 0.0000000000
24 31 0.0000000000
25 31 0.0000000000
26 31 0.0000000000
27 31 0.0000000000
28 31 0.0000000000
29 31 0.0000000000
30 31 0.0000000000
31 31 0.0000000000
