-31 -31 0.0000000000
-30 -31 0.0000000000
-29 -31 0.0000000000
-28 -31 0.0000000000
-27 -31 0.0000000000
-26 -31 0.0000000000
-25 -31 0.0000000000
-24 -31 0.0000000000
-23 -31 0.0000000000
-22 -31 0.0000000000
-21 -31 0.0000000000
-20 -31 0.0000000000
-19 -31 0.0000000000
-18 -31 0.0000000000
-17 -31 0.0000000000
-16 -31 0.0000000000
-15 -31 0.0000000000
-14 -31 0.0000000000
-13 -31 0.0000000000
-12 -31 0.0000000000
-11 -31 0.0000000000
-10 -31 0.0000000000
-9 -31 0.0000000000
-8 -31 0.0000000000
-7 -31 0.0000000000
-6 -31 0.0000000000
-5 -31 0.0000000000
-4 -31 0.0000000000
-3 -31 0.0000000000
-2 -31 0.0000000000
-1 -31 0.0000000000
0 -31 0.0000000000
1 -31 0.0000000000
2 -31 0.0000000000
3 -31 0.0000000000
4 -31 0.0000000000
5 -31 0.0000000000
6 -31 0.0000000000
7 -31 0.0000000000
8 -31 0.0000000000
9 -31 0.0000000000
10 -31 0.0000000000
11 -31 0.0000000000
12 -31 0.0000000000
13 -31 0.0000000000
14 -31 0.0000000000
15 -31 0.0000000000
16 -31 0.0000000000
17 -31 0.0000000000
18 -31 0.0000000000
19 -31 0.0000000000
20 -31 0.0000000000
21 -31 0.0000000000
22 -31 0.0000000000
23 -31 0.0000000000
24 -31 0.0000000000
25 -31 0.0000000000
26 -31 0.0000000000
27 -31 0.0000000000
28 -31 0.0000000000
29 -31 0.0000000000
30 -31 0.0000000000
31 -31 0.0000000000
-31 -30 0.0000000000
-30 -30 -0.0040816498
-29 -30 -0.0081485775
-28 -30 -0.0121808529
-27 -30 -0.0161575452
-26 -30 -0.0200563087
-25 -30 -0.0238530150
-24 -30 -0.0275214473
-23 -30 -0.0310330741
-22 -30 -0.0343569218
-21 -30 -0.0374595670
-20 -30 -0.0403052669
-19 -30 -0.0428562491
-18 -30 -0.0450731778
-17 -30 -0.0469158091
-16 -30 -0.0483438447
-15 -30 -0.0493179817
-14 -30 -0.0498011469
-13 -30 -0.0497598909
-12 -30 -0.0491659001
-11 -30 -0.0479975728
-10 -30 -0.0462415835
-9 -30 -0.0438943543
-8 -30 -0.0409633343
-7 -30 -0.0374679920
-6 -30 -0.0334404249
-5 -30 -0.0289255047
-4 -30 -0.0239805014
-3 -30 -0.0186741537
-2 -30 -0.0130851953
-1 -30 -0.0073003818
0 -30 -0.0014121015
1 -30 0.0044843109
2 -30 0.0102934180
3 -30 0.0159225243
4 -30 0.0212843680
5 -30 0.0262995165
6 -30 0.0308983505
7 -30 0.0350225507
8 -30 0.0386260423
9 -30 0.0416753893
10 -30 0.0441496682
11 -30 0.0460398803
12 -30 0.0473479823
13 -30 0.0480856296
14 -30 0.0482727313
15 -30 0.0479359087
16 -30 0.0471069460
17 -30 0.0458213015
18 -30 0.0441167384
19 -30 0.0420321124
20 -30 0.0396063443
21 -30 0.0368775856
22 -30 0.0338825814
23 -30 0.0306562199
24 -30 0.0272312560
25 -30 0.0236381914
26 -30 0.0199052909
27 -30 0.0160587148
28 -30 0.0121227473
29 -30 0.0081201013
30 -30 0.0040722833
31 -30 0.0000000000
-31 -29 0.0000000000
-30 -29 -0.0081965071
-29 -29 -0.0163638455
-28 -29 -0.0244624584
-27 -29 -0.0324507617
-26 -29 -0.0402843034
-25 -29 -0.0479150117
-24 -29 -0.0552905665
-23 -29 -0.0623539297
-22 -29 -0.0690430717
-21 -29 -0.0752909353
-20 -29 -0.0810256789
-19 -29 -0.0861712388
-18 -29 -0.0906482481
-17 -29 -0.0943753408
-16 -29 -0.0972708598
-15 -29 -0.0992549687
-14 -29 -0.1002521456
-13 -29 -0.1001940110
-12 -29 -0.0990224091
-11 -29 -0.0966926299
-10 -29 -0.0931766242
-9 -29 -0.0884660389
-8 -29 -0.0825748750
-7 -29 -0.0755415639
-6 -29 -0.0674302671
-5 -29 -0.0583312254
-4 -29 -0.0483600331
-3 -29 -0.0376557727
-2 -29 -0.0263780191
-1 -29 -0.0147028081
0 -29 -0.0028177401
1 -29 0.0090835368
2 -29 0.0208071699
3 -29 0.0321649473
4 -29 0.0429798245
5 -29 0.0530908348
6 -29 0.0623571422
7 -29 0.0706610620
8 -29 0.0779099574
9 -29 0.0840370006
10 -29 0.0890008624
11 -29 0.0927844554
12 -29 0.0953929029
13 -29 0.0968509283
14 -29 0.0971998690
15 -29 0.0964945106
16 -29 0.0947999147
17 -29 0.0921883865
18 -29 0.0887366945
19 -29 0.0845236221
20 -29 0.0796278986
21 -29 0.0741265314
22 -29 0.0680935367
23 -29 0.0615990526
24 -29 0.0547088031
25 -29 0.0474838772
26 -29 0.0399807802
27 -29 0.0322517177
28 -29 0.0243450702
29 -29 0.0163060203
30 -29 0.0081772962
31 -29 0.0000000000
-31 -28 0.0000000000
-30 -28 -0.0123727252
-29 -28 -0.0247024780
-28 -28 -0.0369307429
-27 -28 -0.0489959001
-26 -28 -0.0608319293
-25 -28 -0.0723672432
-24 -28 -0.0835237039
-23 -28 -0.0942158714
-22 -28 -0.1043505459
-21 -28 -0.1138266638
-20 -28 -0.1225356135
-19 -28 -0.1303620347
-18 -28 -0.1371851614
-17 -28 -0.1428807579
-16 -28 -0.1473236805
-15 -28 -0.1503910732
-14 -28 -0.1519661693
-13 -28 -0.1519426333
-12 -28 -0.1502293234
-11 -28 -0.1467553050
-10 -28 -0.1414748911
-9 -28 -0.1343724354
-8 -28 -0.1254665710
-7 -28 -0.1148135673
-6 -28 -0.1025094875
-5 -28 -0.0886908670
-4 -28 -0.0735337007
-3 -28 -0.0572506272
-2 -28 -0.0400863175
-1 -28 -0.0223112096
0 -28 -0.0042138593
1 -28 0.0139077040
2 -28 0.0317551455
3 -28 0.0490389968
4 -28 0.0654873141
5 -28 0.0808533491
6 -28 0.0949218453
7 -28 0.1075136878
8 -28 0.1184887647
9 -28 0.1277470326
10 -28 0.1352278965
11 -28 0.1409081158
12 -28 0.1447985154
13 -28 0.1469398176
14 -28 0.1473979218
15 -28 0.1462589384
16 -28 0.1436242497
17 -28 0.1396058193
18 -28 0.1343219229
19 -28 0.1278934130
20 -28 0.1204405883
21 -28 0.1120806906
22 -28 0.1029260222
23 -28 0.0930826501
24 -28 0.0826496460
25 -28 0.0717188032
26 -28 0.0603747640
27 -28 0.0486954935
28 -28 0.0367530373
29 -28 0.0246145036
30 -28 0.0123432179
31 -28 0.0000000000
-31 -27 0.0000000000
-30 -27 -0.0166376566
-29 -27 -0.0332195744
-28 -27 -0.0496693389
-27 -27 -0.0659062806
-26 -27 -0.0818436792
-25 -27 -0.0973871390
-24 -27 -0.1124331972
-23 -27 -0.1268682367
-22 -27 -0.1405677833
-21 -27 -0.1533962710
-20 -27 -0.1652073684
-19 -27 -0.1758449561
-18 -27 -0.1851448454
-17 -27 -0.1929373144
-16 -27 -0.1990505166
-15 -27 -0.2033147858
-14 -27 -0.2055678150
-13 -27 -0.2056606273
-12 -27 -0.2034641908
-11 -27 -0.1988764464
-10 -27 -0.1918294439
-9 -27 -0.1822962011
-8 -27 -0.1702968462
-7 -27 -0.1559035712
-6 -27 -0.1392439253
-5 -27 -0.1205020298
-4 -27 -0.0999173882
-3 -27 -0.0777811097
-2 -27 -0.0544295379
-1 -27 -0.0302354765
0 -27 -0.0055973969
1 -27 0.0190728100
2 -27 0.0433628477
3 -27 0.0668730351
4 -27 0.0892285719
5 -27 0.1100903606
6 -27 0.1291638210
7 -27 0.1462053127
8 -27 0.1610259727
9 -27 0.1734929741
10 -27 0.1835283898
11 -27 0.1911059823
12 -27 0.1962463407
13 -27 0.1990108322
14 -27 0.1994948389
15 -27 0.1978207211
16 -27 0.1941308866
17 -27 0.1885812735
18 -27 0.1813354728
19 -27 0.1725596400
20 -27 0.1624182751
21 -27 0.1510708917
22 -27 0.1386695524
23 -27 0.1253572123
24 -27 0.1112667937
25 -27 0.0965209028
26 -27 0.0812320964
27 -27 0.0655036051
28 -27 0.0494304292
29 -27 0.0331007279
30 -27 0.0165974295
31 -27 0.0000000000
-31 -26 0.0000000000
-30 -26 -0.0210174306
-29 -26 -0.0419678252
-28 -26 -0.0627583637
-27 -26 -0.0832907228
-26 -26 -0.1034587295
-25 -26 -0.1231462159
-24 -26 -0.1422251528
-23 -26 -0.1605541513
-22 -26 -0.1779774316
-21 -26 -0.1943243702
-20 -26 -0.2094097460
-19 -26 -0.2230348098
-18 -26 -0.2349893036
-17 -26 -0.2450545411
-16 -26 -0.2530076415
-15 -26 -0.2586269667
-14 -26 -0.2616987559
-13 -26 -0.2620248773
-12 -26 -0.2594315204
-11 -26 -0.2537785460
-10 -26 -0.2449690972
-9 -26 -0.2329589632
-8 -26 -0.2177650969
-7 -26 -0.1994726288
-6 -26 -0.1782397152
-5 -26 -0.1542996090
-4 -26 -0.1279594738
-3 -26 -0.0995956477
-2 -26 -0.0696453190
-1 -26 -0.0385948509
0 -26 -0.0069652821
1 -26 0.0247042207
2 -26 0.0558739872
3 -26 0.0860214762
4 -26 0.1146578446
5 -26 0.1413424837
6 -26 0.1656947441
7 -26 0.1874023241
8 -26 0.2062260807
9 -26 0.2220013030
10 -26 0.2346357360
11 -26 0.2441048388
12 -26 0.2504448809
13 -26 0.2537445415
14 -26 0.2541356660
15 -26 0.2517837766
16 -26 0.2468788447
17 -26 0.2396267184
18 -26 0.2302414882
19 -26 0.2189389641
20 -26 0.2059313435
21 -26 0.1914230754
22 -26 0.1756078668
23 -26 0.1586667419
24 -26 0.1407670373
25 -26 0.1220622092
26 -26 0.1026923257
27 -26 0.0827851236
28 -26 0.0624575182
29 -26 0.0418174657
30 -26 0.0209660908
31 -26 0.0000000000
-31 -25 0.0000000000
-30 -25 -0.0255364904
-29 -25 -0.0509965992
-28 -25 -0.0762730762
-27 -25 -0.1012518081
-26 -25 -0.1258088553
-25 -25 -0.1498077128
-24 -25 -0.1730968857
-23 -25 -0.1955078826
-22 -25 -0.2168537496
-21 -25 -0.2369282818
-20 -25 -0.2555060659
-19 -25 -0.2723435204
-18 -25 -0.2871811024
-17 -25 -0.2997468449
-16 -25 -0.3097613642
-15 -25 -0.3169444354
-14 -25 -0.3210231645
-13 -25 -0.3217416946
-12 -25 -0.3188722578
-11 -25 -0.3122272421
-10 -25 -0.3016717830
-9 -25 -0.2871362280
-8 -25 -0.2686276825
-7 -25 -0.2462397456
-6 -25 -0.2201595159
-5 -25 -0.1906709985
-4 -25 -0.1581542061
-3 -25 -0.1230795022
-2 -25 -0.0859970764
-1 -25 -0.0475218398
0 -25 -0.0083144341
1 -25 0.0309405876
2 -25 0.0695580725
3 -25 0.1068755886
4 -25 0.1422752702
5 -25 0.1752028521
6 -25 0.2051828344
7 -25 0.2318290823
8 -25 0.2548505729
9 -25 0.2740523974
10 -25 0.2893324680
11 -25 0.3006746377
12 -25 0.3081390963
13 -25 0.3118509640
14 -25 0.3119879695
15 -25 0.3087680041
16 -25 0.3024371999
17 -25 0.2932590208
18 -25 0.2815046967
19 -25 0.2674451838
20 -25 0.2513447146
21 -25 0.2334559073
22 -25 0.2140163325
23 -25 0.1932463988
24 -25 0.1713483909
25 -25 0.1485064900
26 -25 0.1248876091
27 -25 0.1006428906
28 -25 0.0759097250
29 -25 0.0508141722
30 -25 0.0254736783
31 -25 0.0000000000
-31 -24 0.0000000000
-30 -24 -0.0302170837
-29 -24 -0.0603509302
-28 -24 -0.0902823793
-27 -24 -0.1198839245
-26 -24 -0.1490160599
-25 -24 -0.1775238634
-24 -24 -0.2052339133
-23 -24 -0.2319516587
-22 -24 -0.2574593836
-21 -24 -0.2815149328
-20 -24 -0.3038513891
-19 -24 -0.3241779162
-18 -24 -0.3421819924
-17 -24 -0.3575332654
-16 -24 -0.3698892372
-15 -24 -0.3789029475
-14 -24 -0.3842327486
-13 -24 -0.3855541503
-12 -24 -0.3825735615
-11 -24 -0.3750435625
-10 -24 -0.3627791253
-9 -24 -0.3456739676
-8 -24 -0.3237160128
-7 -24 -0.2970007665
-6 -24 -0.2657413399
-5 -24 -0.2302738974
-4 -24 -0.1910574917
-3 -24 -0.1486675881
-2 -24 -0.1037830474
-1 -24 -0.0571668927
0 -24 -0.0096417618
1 -24 0.0379385252
2 -24 0.0847194541
3 -24 0.1298763150
4 -24 0.1726426649
5 -24 0.2123349257
6 -24 0.2483716866
7 -24 0.2802868089
8 -24 0.3077360051
9 -24 0.3304971233
10 -24 0.3484648324
11 -24 0.3616407425
12 -24 0.3701201823
13 -24 0.3740768998
14 -24 0.3737468734
15 -24 0.3694122607
16 -24 0.3613862932
17 -24 0.3499997013
18 -24 0.3355890305
19 -24 0.3184870210
20 -24 0.2990150695
21 -24 0.2774776779
22 -24 0.2541587213
23 -24 0.2293193194
24 -24 0.2031970852
25 -24 0.1760065201
26 -24 0.1479403435
27 -24 0.1191715632
28 -24 0.0898561213
29 -24 0.0601359723
30 -24 0.0301424749
31 -24 0.0000000000
-31 -23 0.0000000000
-30 -23 -0.0350786940
-29 -23 -0.0700703866
-28 -23 -0.1048471382
-27 -23 -0.1392710533
-26 -23 -0.1731898612
-25 -23 -0.2064327274
-24 -23 -0.2388064001
-23 -23 -0.2700918196
-22 -23 -0.3000413521
-21 -23 -0.3283768419
-20 -23 -0.3547887149
-19 -23 -0.3789363995
-18 -23 -0.4004503622
-17 -23 -0.4189360698
-16 -23 -0.4339801852
-15 -23 -0.4451592665
-14 -23 -0.4520511649
-13 -23 -0.4542491810
-12 -23 -0.4513788583
-11 -23 -0.4431170435
-10 -23 -0.4292125450
-9 -23 -0.4095073994
-8 -23 -0.3839574330
-7 -23 -0.3526505404
-6 -23 -0.3158209457
-5 -23 -0.2738577194
-4 -23 -0.2273060399
-3 -23 -0.1768601233
-2 -23 -0.1233473828
-1 -23 -0.0677041559
0 -23 -0.0109441655
1 -23 0.0458783620
2 -23 0.1017084137
3 -23 0.1555299191
4 -23 0.2064026660
5 -23 0.2534938970
6 -23 0.2961026600
7 -23 0.3336757482
8 -23 0.3658148876
9 -23 0.3922756114
10 -23 0.4129588923
11 -23 0.4278970453
12 -23 0.4372356226
13 -23 0.4412130347
14 -23 0.4401394709
15 -23 0.4343764316
16 -23 0.4243178580
17 -23 0.4103735276
18 -23 0.3929550792
19 -23 0.3724647911
20 -23 0.3492870458
21 -23 0.3237822868
22 -23 0.2962831936
23 -23 0.2670927672
24 -23 0.2364840115
25 -23 0.2047009131
26 -23 0.1719604504
27 -23 0.1384554007
28 -23 0.1043577478
29 -23 0.0698225303
30 -23 0.0349920020
31 -23 0.0000000000
-31 -22 0.0000000000
-30 -22 -0.0401374111
-29 -22 -0.0801878129
-28 -22 -0.1200182957
-27 -22 -0.1594842666
-26 -22 -0.1984241865
-25 -22 -0.2366545143
-24 -22 -0.2739649588
-23 -22 -0.3101141742
-22 -22 -0.3448260733
-21 -22 -0.3777869791
-20 -22 -0.4086438906
-19 -22 -0.4370041899
-18 -22 -0.4624371688
-17 -22 -0.4844777943
-16 -22 -0.5026331444
-15 -22 -0.5163919318
-14 -22 -0.5252374589
-13 -22 -0.5286642098
-12 -22 -0.5261980632
-11 -22 -0.5174198035
-10 -22 -0.5019912064
-9 -22 -0.4796825263
-8 -22 -0.4503997315
-7 -22 -0.4142094139
-6 -22 -0.3713590080
-5 -22 -0.3222898827
-4 -22 -0.2676410980
-3 -22 -0.2082421718
-2 -22 -0.1450940684
-1 -22 -0.0793387153
0 -22 -0.0122185398
1 -22 0.0549713774
2 -22 0.1209350791
3 -22 0.1844275218
4 -22 0.2443024605
5 -22 0.2995529754
6 -22 0.3493420424
7 -22 0.3930216547
8 -22 0.4301401876
9 -22 0.4604387918
10 -22 0.4838384691
11 -22 0.5004200355
12 -22 0.5103994052
13 -22 0.5141005577
14 -22 0.5119282606
15 -22 0.5043421948
16 -22 0.4918336567
17 -22 0.4749055542
18 -22 0.4540560184
19 -22 0.4297656433
20 -22 0.4024881462
21 -22 0.3726441006
22 -22 0.3406173247
23 -22 0.3067534888
24 -22 0.2713605229
25 -22 0.2347104438
26 -22 0.1970422715
27 -22 0.1585657615
28 -22 0.1194657292
29 -22 0.0799067910
30 -22 0.0400383897
31 -22 0.0000000000
-31 -21 0.0000000000
-30 -21 -0.0454052377
-29 -21 -0.0907279384
-28 -21 -0.1358347763
-27 -21 -0.1805789185
-26 -21 -0.2247938488
-25 -21 -0.2682873491
-24 -21 -0.3108357309
-23 -21 -0.3521784481
-22 -21 -0.3920132734
-21 -21 -0.4299922810
-20 -21 -0.4657189511
-19 -21 -0.4987467874
-18 -21 -0.5285799212
-17 -21 -0.5546762465
-16 -21 -0.5764536832
-15 -21 -0.5933001801
-14 -21 -0.6045880217
-13 -21 -0.6096928677
-12 -21 -0.6080177102
-11 -21 -0.5990215507
-10 -21 -0.5822520865
-9 -21 -0.5573810636
-8 -21 -0.5242402551
-7 -21 -0.4828553624
-6 -21 -0.4334746187
-5 -21 -0.3765886585
-4 -21 -0.3129384154
-3 -21 -0.2435085061
-2 -21 -0.1695047337
-1 -21 -0.0923158934
0 -21 -0.0134617792
1 -21 0.0654690877
2 -21 0.1428872223
3 -21 0.2172699537
4 -21 0.2872237388
5 -21 0.3515362253
6 -21 0.4092145420
7 -21 0.4595079165
8 -21 0.5019144356
9 -21 0.5361733132
10 -21 0.5622452041
11 -21 0.5802838009
12 -21 0.5906021460
13 -21 0.5936368757
14 -21 0.5899130979
15 -21 0.5800119382
16 -21 0.5645420964
17 -21 0.5441161202
18 -21 0.5193315890
19 -21 0.4907570215
20 -21 0.4589220747
21 -21 0.4243114669
22 -21 0.3873620114
23 -21 0.3484621604
24 -21 0.3079535132
25 -21 0.2661338137
26 -21 0.2232610434
27 -21 0.1795582945
28 -21 0.1352191786
29 -21 0.0904135887
30 -21 0.0452936833
31 -21 0.0000000000
-31 -20 0.0000000000
-30 -20 -0.0508893378
-29 -20 -0.1017058627
-28 -20 -0.1523211878
-27 -20 -0.2025915361
-26 -20 -0.2523505958
-25 -20 -0.3014024563
-24 -20 -0.3495146943
-23 -20 -0.3964117297
-22 -20 -0.4417686282
-21 -20 -0.4852056066
-20 -20 -0.5262835875
-19 -20 -0.5645012597
-18 -20 -0.5992942170
-17 -20 -0.6300368687
-16 -20 -0.6560479197
-15 -20 -0.6766002886
-14 -20 -0.6909363360
-13 -20 -0.6982891672
-12 -20 -0.6979105253
-11 -20 -0.6891053434
-10 -20 -0.6712723701
-9 -20 -0.6439494211
-8 -20 -0.6068608012
-7 -20 -0.5599634067
-6 -20 -0.5034871445
-5 -20 -0.4379648080
-4 -20 -0.3642466508
-3 -20 -0.2834957440
-2 -20 -0.1971618033
-1 -20 -0.1069333755
0 -20 -0.0146707848
1 -20 0.0776753590
2 -20 0.1681533981
3 -20 0.2548998788
4 -20 0.3362210897
5 -20 0.4106601912
6 -20 0.4770451327
7 -20 0.5345149586
8 -20 0.5825246065
9 -20 0.6208305141
10 -20 0.6494609429
11 -20 0.6686757773
12 -20 0.6789206533
13 -20 0.6807797790
14 -20 0.6749309335
15 -20 0.6621050946
16 -20 0.6430521403
17 -20 0.6185132071
18 -20 0.5891996298
19 -20 0.5557779470
20 -20 0.5188602021
21 -20 0.4789986663
22 -20 0.4366841114
23 -20 0.3923468322
24 -20 0.3463597231
25 -20 0.2990428337
26 -20 0.2506689468
27 -20 0.2014698289
28 -20 0.1516428984
29 -20 0.1013581320
30 -20 0.0507650914
31 -20 0.0000000000
-31 -19 0.0000000000
-30 -19 -0.0565912364
-29 -19 -0.1131254369
-28 -19 -0.1694853473
-27 -19 -0.2255364374
-26 -19 -0.2811187591
-25 -19 -0.3360387733
-24 -19 -0.3900611825
-23 -19 -0.4429008583
-22 -19 -0.4942150229
-21 -19 -0.5435959342
-20 -19 -0.5905644421
-19 -19 -0.6345649216
-18 -19 -0.6749622581
-17 -19 -0.7110417355
-16 -19 -0.7420128671
-15 -19 -0.7670183582
-14 -19 -0.7851494876
-13 -19 -0.7954691589
-12 -19 -0.7970436560
-11 -19 -0.7889836524
-10 -19 -0.7704942184
-9 -19 -0.7409324219
-8 -19 -0.6998696753
-7 -19 -0.6471543977
-6 -19 -0.5829691004
-5 -19 -0.5078750188
-4 -19 -0.4228372669
-3 -19 -0.3292244742
-2 -19 -0.2287790341
-1 -19 -0.1235572632
0 -19 -0.0158424734
1 -19 0.0919624428
2 -19 0.1974534630
3 -19 0.2983439022
4 -19 0.3925718773
5 -19 0.4783873162
6 -19 0.5544119115
7 -19 0.6196690131
8 -19 0.6735841618
9 -19 0.7159601270
10 -19 0.7469324913
11 -19 0.7669127996
12 -19 0.7765261456
13 -19 0.7765490873
14 -19 0.7678523149
15 -19 0.7513509170
16 -19 0.7279636455
17 -19 0.6985814294
18 -19 0.6640445865
19 -19 0.6251276927
20 -19 0.5825308561
21 -19 0.5368761057
22 -19 0.4887076993
23 -19 0.4384953135
24 -19 0.3866392574
25 -19 0.3334770358
26 -19 0.2792907536
27 -19 0.2243149919
28 -19 0.1687449059
29 -19 0.1127443851
30 -19 0.0564541859
31 -19 0.0000000000
-31 -18 0.0000000000
-30 -18 -0.0625059918
-29 -18 -0.1249775790
-28 -18 -0.1873156837
-27 -18 -0.2494021408
-26 -18 -0.3110905674
-25 -18 -0.3721970522
-24 -18 -0.4324906541
-23 -18 -0.4916837519
-22 -18 -0.5494223607
-21 -18 -0.6052766387
-20 -18 -0.6587319407
-19 -18 -0.7091809583
-18 -18 -0.7559176986
-17 -18 -0.7981343196
-16 -18 -0.8349221174
-15 -18 -0.8652782513
-14 -18 -0.8881200236
-13 -18 -0.9023086445
-12 -18 -0.9066842970
-11 -18 -0.9001138545
-10 -18 -0.8815516694
-9 -18 -0.8501123636
-8 -18 -0.8051525240
-7 -18 -0.7463558085
-6 -18 -0.6738135675
-5 -18 -0.5880912428
-4 -18 -0.4902701373
-3 -18 -0.3819551891
-2 -18 -0.2652423315
-1 -18 -0.1426436140
0 -18 -0.0169737874
1 -18 0.1087924948
2 -18 0.2316793707
3 -18 0.3488684826
4 -18 0.4578418280
5 -18 0.5564952620
6 -18 0.6432134967
7 -18 0.7169028926
8 -18 0.7769838655
9 -18 0.8233493235
10 -18 0.8562984996
11 -18 0.8764565795
12 -18 0.8846898633
13 -18 0.8820243497
14 -18 0.8695732327
15 -18 0.8484764057
16 -18 0.8198530368
17 -18 0.7847667922
18 -18 0.7442023520
19 -18 0.6990513994
20 -18 0.6501061486
21 -18 0.5980585910
22 -18 0.5435038719
23 -18 0.4869464973
24 -18 0.4288083519
25 -18 0.3694377730
26 -18 0.3091191393
27 -18 0.2480826166
28 -18 0.1865138349
29 -18 0.1245633829
30 -18 0.0623560740
31 -18 0.0000000000
-31 -17 0.0000000000
-30 -17 -0.0686213670
-29 -17 -0.1372385784
-28 -17 -0.2057785980
-27 -17 -0.2741476670
-26 -17 -0.3422212421
-25 -17 -0.4098335700
-24 -17 -0.4767668208
-23 -17 -0.5427397501
-22 -17 -0.6073959382
-21 -17 -0.6702917647
-20 -17 -0.7308844312
-19 -17 -0.7885205548
-18 -17 -0.8424261332
-17 -17 -0.8916990276
-16 -17 -0.9353055272
-15 -17 -0.9720830168
-14 -17 -1.0007512254
-13 -17 -1.0199348864
-12 -17 -1.0282007567
-11 -17 -1.0241116189
-10 -17 -1.0062989148
-9 -17 -0.9735538163
-8 -17 -0.9249337571
-7 -17 -0.8598778662
-6 -17 -0.7783208574
-5 -17 -0.6807915901
-4 -17 -0.5684808095
-3 -17 -0.4432634670
-2 -17 -0.3076650039
-1 -17 -0.1647677202
0 -17 -0.0180617079
1 -17 0.1287468289
2 -17 0.2719504028
3 -17 0.4080550908
4 -17 0.5339722704
5 -17 0.6471677786
6 -17 0.7457556714
7 -17 0.8285321005
8 -17 0.8949531855
9 -17 0.9450674930
10 -17 0.9794177210
11 -17 0.9989270753
12 -17 1.0047841195
13 -17 0.9983365399
14 -17 0.9810003805
15 -17 0.9541877203
16 -17 0.9192529813
17 -17 0.8774562162
18 -17 0.8299407464
19 -17 0.7777221987
20 -17 0.7216861067
21 -17 0.6625915946
22 -17 0.6010791186
23 -17 0.5376807000
24 -17 0.4728314990
25 -17 0.4068819276
26 -17 0.3401097768
27 -17 0.2727320434
28 -17 0.2049162960
29 -17 0.1367915347
30 -17 0.0684585696
31 -17 0.0000000000
-31 -16 0.0000000000
-30 -16 -0.0749170404
-29 -16 -0.1498684671
-28 -16 -0.2248158963
-27 -16 -0.2996988830
-26 -16 -0.3744240520
-25 -16 -0.4488536474
-24 -16 -0.5227933395
-23 -16 -0.5959791603
-22 -16 -0.6680635168
-21 -16 -0.7386003278
-20 -16 -0.8070294976
-19 -16 -0.8726611704
-18 -16 -0.9346605360
-17 -16 -0.9920344027
-16 -16 -1.0436213160
-15 -16 -1.0880876934
-14 -16 -1.1239332082
-13 -16 -1.1495093972
-12 -16 -1.1630560036
-11 -16 -1.1627596141
-10 -16 -1.1468383225
-9 -16 -1.1136540512
-8 -16 -1.0618504705
-7 -16 -0.9905091970
-6 -16 -0.8993107240
-5 -16 -0.7886806282
-4 -16 -0.6598978657
-3 -16 -0.5151422446
-2 -16 -0.3574634992
-1 -16 -0.1906644127
0 -16 -0.0191032678
1 -16 0.1525661945
2 -16 0.3196888778
3 -16 0.4779024555
4 -16 0.6233974696
5 -16 0.7531149785
6 -16 0.8648635692
7 -16 0.9573504526
8 -16 1.0301341939
9 -16 1.0835166487
10 -16 1.1183970141
11 -16 1.1361111796
12 -16 1.1382758279
13 -16 1.1266508285
14 -16 1.1030272393
15 -16 1.0691429702
16 -16 1.0266244749
17 -16 0.9769507307
18 -16 0.9214349460
19 -16 0.8612194778
20 -16 0.7972799808
21 -16 0.7304355505
22 -16 0.6613623882
23 -16 0.5906092031
24 -16 0.5186131357
25 -16 0.4457154273
26 -16 0.3721763896
27 -16 0.2981894627
28 -16 0.2238943082
29 -16 0.1493889958
30 -16 0.0747414034
31 -16 0.0000000000
-31 -15 0.0000000000
-30 -15 -0.0813639046
-29 -15 -0.1628095585
-28 -15 -0.2443424453
-27 -15 -0.3259450890
-26 -15 -0.4075655773
-25 -15 -0.4891052647
-24 -15 -0.5704053855
-23 -15 -0.6512323309
-22 -15 -0.7312613927
-21 -15 -0.8100588607
-20 -15 -0.8870625099
-19 -15 -0.9615607483
-18 -15 -1.0326710553
-17 -15 -1.0993188647
-16 -15 -1.1602187719
-15 -15 -1.2138609024
-14 -15 -1.2585064543
-13 -15 -1.2921977389
-12 -15 -1.3127892872
-11 -15 -1.3180073809
-10 -15 -1.3055451103
-9 -15 -1.2731979992
-8 -15 -1.2190406221
-7 -15 -1.1416371081
-6 -15 -1.0402685556
-5 -15 -0.9151500627
-4 -15 -0.7676024765
-3 -15 -0.6001425767
-2 -15 -0.4164624816
-1 -15 -0.2212842319
0 -15 -0.0200955668
1 -15 0.1812069165
2 -15 0.3767251984
3 -15 0.5609672932
4 -15 0.7292041522
5 -15 0.8777339894
6 -15 1.0040278401
7 -15 1.1067503326
8 -15 1.1856697179
9 -15 1.2414863633
10 -15 1.2756159933
11 -15 1.2899625705
12 -15 1.2867081046
13 -15 1.2681363646
14 -15 1.2364975929
15 -15 1.1939137909
16 -15 1.1423195331
17 -15 1.0834311997
18 -15 1.0187372668
19 -15 0.9495030802
20 -15 0.8767847850
21 -15 0.8014483938
22 -15 0.7241911527
23 -15 0.6455633219
24 -15 0.5659892141
25 -15 0.4857868580
26 -15 0.4051860131
27 -15 0.3243444997
28 -15 0.2433629537
29 -15 0.1622982046
30 -15 0.0811755221
31 -15 0.0000000000
-31 -14 0.0000000000
-30 -14 -0.0879235147
-29 -14 -0.1759852733
-28 -14 -0.2642442370
-27 -14 -0.3527361015
-26 -14 -0.4414615063
-25 -14 -0.5303731701
-24 -14 -0.6193615684
-23 -14 -0.7082387596
-22 -14 -0.7967199810
-21 -14 -0.8844026794
-20 -14 -0.9707427476
-19 -14 -1.0550279411
-18 -14 -1.1363488002
-17 -14 -1.2135679656
-16 -14 -1.2852896396
-15 -14 -1.3498321754
-14 -14 -1.4052084525
-13 -14 -1.4491207786
-12 -14 -1.4789793976
-11 -14 -1.4919558044
-10 -14 -1.4850831491
-9 -14 -1.4554147372
-8 -14 -1.4002464450
-7 -14 -1.3173985065
-6 -14 -1.2055367024
-5 -14 -1.0644950923
-4 -14 -0.8955474751
-3 -14 -0.7015694626
-2 -14 -0.4870422387
-1 -14 -0.2578725843
0 -14 -0.0210357879
1 -14 0.2159200210
2 -14 0.4454452268
3 -14 0.6605601043
4 -14 0.8553505500
5 -14 1.0253252792
6 -14 1.1675959486
7 -14 1.2808735833
8 -14 1.3653067258
9 -14 1.4222102291
10 -14 1.4537428088
11 -14 1.4625861616
12 -14 1.4516635061
13 -14 1.4239175114
14 -14 1.3821521507
15 -14 1.3289326565
16 -14 1.2665325654
17 -14 1.1969155658
18 -14 1.1217409401
19 -14 1.0423835211
20 -14 0.9599614130
21 -14 0.8753668191
22 -14 0.7892969855
23 -14 0.7022835084
24 -14 0.6147191121
25 -14 0.5268815696
26 -14 0.4389547894
27 -14 0.3510472968
28 -14 0.2632084412
29 -14 0.1754427091
30 -14 0.0877225357
31 -14 0.0000000000
-31 -13 0.0000000000
-30 -13 -0.0945477535
-29 -13 -0.1892993970
-28 -13 -0.2843770816
-27 -13 -0.3798801399
-26 -13 -0.4758733666
-25 -13 -0.5723739872
-24 -13 -0.6693368016
-23 -13 -0.7666369516
-22 -13 -0.8640497124
-21 -13 -0.9612266935
-20 -13 -1.0576678582
-19 -13 -1.1526888906
-18 -13 -1.2453837154
-17 -13 -1.3345825004
-16 -13 -1.4188063872
-15 -13 -1.4962216466
-14 -13 -1.5645981393
-13 -13 -1.6212799985
-12 -13 -1.6631803225
-11 -13 -1.6868159811
-10 -13 -1.6884023482
-9 -13 -1.6640288655
-8 -13 -1.6099318312
-7 -13 -1.5228674873
-6 -13 -1.4005648672
-5 -13 -1.2422070005
-4 -13 -1.0488600848
-3 -13 -0.8237562436
-2 -13 -0.5723469912
-1 -13 -0.3020821072
0 -13 -0.0219212138
1 -13 0.2583635655
2 -13 0.5289985613
3 -13 0.7810195365
4 -13 1.0069690951
5 -13 1.2013852164
6 -13 1.3610225341
7 -13 1.4847990652
8 -13 1.5735136828
9 -13 1.6294172092
10 -13 1.6557315058
11 -13 1.6561969448
12 -13 1.6346996643
13 -13 1.5949991358
14 -13 1.5405529692
15 -13 1.4744225537
16 -13 1.3992386258
17 -13 1.3172069459
18 -13 1.2301379746
19 -13 1.1394887562
20 -13 1.0464090866
21 -13 0.9517870831
22 -13 0.8562914515
23 -13 0.7604092051
24 -13 0.6644785002
25 -13 0.5687167799
26 -13 0.4732446963
27 -13 0.3781063979
28 -13 0.2832867985
29 -13 0.1887264227
30 -13 0.0943343833
31 -13 0.0000000000
-31 -12 0.0000000000
-30 -12 -0.1011787896
-29 -12 -0.2026359199
-28 -12 -0.3045661745
-27 -12 -0.4071428639
-26 -12 -0.5105066634
-25 -12 -0.6147529346
-24 -12 -0.7199169048
-23 -12 -0.8259559811
-22 -12 -0.9327283659
-21 -12 -1.0399670265
-20 -12 -1.1472479753
-19 -12 -1.2539517901
-18 -12 -1.3592174032
-17 -12 -1.4618875521
-16 -12 -1.5604460808
-15 -12 -1.6529487796
-14 -12 -1.7369520047
-13 -12 -1.8094473292
-12 -12 -1.8668162786
-11 -12 -1.9048267671
-10 -12 -1.9187012323
-9 -12 -1.9032929398
-8 -12 -1.8534062902
-7 -12 -1.7642820414
-6 -12 -1.6322334045
-5 -12 -1.4553659348
-4 -12 -1.2342582233
-3 -12 -0.9724475621
-2 -12 -0.6765781047
-1 -12 -0.3561315069
0 -12 -0.0227492441
1 -12 0.3107614432
2 -12 0.6315917136
3 -12 0.9280953114
4 -12 1.1907826913
5 -12 1.4129988168
6 -12 1.5911926784
7 -12 1.7247693336
8 -12 1.8156044806
9 -12 1.8673640415
10 -12 1.8847845751
11 -12 1.8730375140
12 -12 1.8372442946
13 -12 1.7821564202
14 -12 1.7119795381
15 -12 1.6303056917
16 -12 1.5401172715
17 -12 1.4438326627
18 -12 1.3433719658
19 -12 1.2402287331
20 -12 1.1355394645
21 -12 1.0301466167
22 -12 0.9246534328
23 -12 0.8194703996
24 -12 0.7148539377
25 -12 0.6109382906
26 -12 0.5077616822
27 -12 0.4052877840
28 -12 0.3034234374
29 -12 0.2020334647
30 -12 0.1009532903
31 -12 0.0000000000
-31 -11 0.0000000000
-30 -11 -0.1077494038
-29 -11 -0.2158596210
-28 -11 -0.3246067882
-27 -11 -0.4342479338
-26 -11 -0.5450109396
-25 -11 -0.6570828575
-24 -11 -0.7705958588
-23 -11 -0.8856099406
-22 -11 -1.0020913231
-21 -11 -1.1198852380
-20 -11 -1.2386815524
-19 -11 -1.3579714149
-18 -11 -1.4769929291
-17 -11 -1.5946638649
-16 -11 -1.7094998405
-15 -11 -1.8195175893
-14 -11 -1.9221254460
-13 -11 -2.0140078169
-12 -11 -2.0910181658
-11 -11 -2.1481068736
-10 -11 -2.1793262302
-9 -11 -2.1779720243
-8 -11 -2.1369315144
-7 -11 -2.0492963115
-6 -11 -1.9092497141
-5 -11 -1.7131474887
-4 -11 -1.4606032356
-3 -11 -1.1553163507
-2 -11 -0.8053934894
-1 -11 -0.4230228375
0 -11 -0.0235174135
1 -11 0.3761206264
2 -11 0.7588874740
3 -11 1.1094651782
4 -11 1.4156574129
5 -11 1.6693462927
6 -11 1.8668182677
7 -11 2.0084428646
8 -11 2.0978449735
9 -11 2.1408197633
10 -11 2.1442522163
11 -11 2.1152301359
12 -11 2.0604316272
13 -11 1.9857775085
14 -11 1.8962901149
15 -11 1.7960887051
16 -11 1.6884620022
17 -11 1.5759756024
18 -11 1.4605878881
19 -11 1.3437599101
20 -11 1.2265524660
21 -11 1.1097082392
22 -11 0.9937193764
23 -11 0.8788820693
24 -11 0.7653401246
25 -11 0.6531195156
26 -11 0.5421557248
27 -11 0.4323154318
28 -11 0.3234138449
29 -11 0.2152287420
30 -11 0.1075120946
31 -11 0.0000000000
-31 -10 0.0000000000
-30 -10 -0.1141837524
-29 -10 -0.2288175398
-28 -10 -0.3442663363
-27 -10 -0.4608794607
-26 -10 -0.5789822919
-25 -10 -0.6988663188
-24 -10 -0.8207767464
-23 -10 -0.9448966736
-22 -10 -1.0713265806
-21 -10 -1.2000575050
-20 -10 -1.3309358264
-19 -10 -1.4636170427
-18 -10 -1.5975053190
-17 -10 -1.7316750287
-16 -10 -1.8647701815
-15 -10 -1.9948779273
-14 -10 -2.1193739668
-13 -10 -2.2347419105
-12 -10 -2.3363774440
-11 -10 -2.4184044805
-10 -10 -2.4735572615
-9 -10 -2.4932190621
-8 -10 -2.4677437923
-7 -10 -2.3871932628
-6 -10 -2.2425606695
-5 -10 -2.0273978157
-4 -10 -1.7395559430
-3 -10 -1.3825921212
-2 -10 -0.9663988349
-1 -10 -0.5068101650
0 -10 -0.0242234086
1 -10 0.4584997958
2 -10 0.9184961113
3 -10 1.3353631697
4 -10 1.6932585207
5 -10 1.9822781345
6 -10 2.1988503888
7 -10 2.3451066950
8 -10 2.4274753617
9 -10 2.4549410545
10 -10 2.4374178970
11 -10 2.3845263379
12 -10 2.3048562600
13 -10 2.2056457712
14 -10 2.0927429032
15 -10 1.9707239218
16 -10 1.8430775853
17 -10 1.7124013849
18 -10 1.5805825798
19 -10 1.4489531656
20 -10 1.3184167250
21 -10 1.1895493304
22 -10 1.0626782992
23 -10 0.9379429075
24 -10 0.8153408368
25 -10 0.6947635682
26 -10 0.5760233430
27 -10 0.4588737617
28 -10 0.3430256458
29 -10 0.2281594217
30 -10 0.1139350097
31 -10 0.0000000000
-31 -9 0.0000000000
-30 -9 -0.1203986223
-29 -9 -0.2413414575
-28 -9 -0.3632880095
-27 -9 -0.4866866682
-26 -9 -0.6119688305
-25 -9 -0.7395414777
-24 -9 -0.8697774356
-23 -9 -1.0030022971
-22 -9 -1.1394766343
-21 -9 -1.2793716472
-20 -9 -1.4227357390
-19 -9 -1.5694486450
-18 -9 -1.7191586384
-17 -9 -1.8711969954
-16 -9 -2.0244624133
-15 -9 -2.1772666957
-14 -9 -2.3271324038
-13 -9 -2.4705347712
-12 -9 -2.6025872207
-11 -9 -2.7166886441
-10 -9 -2.8041909068
-9 -9 -2.8542144059
-8 -9 -2.8538272724
-7 -9 -2.7888597597
-6 -9 -2.6455608982
-5 -9 -2.4130500419
-4 -9 -2.0861196292
-3 -9 -1.6676142605
-2 -9 -1.1695932000
-1 -9 -0.6128464251
0 -9 -0.0248650853
1 -9 0.5632561646
2 -9 1.1204209294
3 -9 1.6191328637
4 -9 2.0385934154
5 -9 2.3667314908
6 -9 2.6006875793
7 -9 2.7456514688
8 -9 2.8124834273
9 -9 2.8149117409
10 -9 2.7670814974
11 -9 2.6818982924
12 -9 2.5702142241
13 -9 2.4406490936
14 -9 2.2997752603
15 -9 2.1524505586
16 -9 2.0021714387
17 -9 1.8513878657
18 -9 1.7017618088
19 -9 1.5543699776
20 -9 1.4098585012
21 -9 1.2685588480
22 -9 1.1305736650
23 -9 0.9958398407
24 -9 0.8641746046
25 -9 0.7353091361
26 -9 0.6089130549
27 -9 0.4846122977
28 -9 0.3620022371
29 -9 0.2406574102
30 -9 0.1201388795
31 -9 0.0000000000
-31 -8 0.0000000000
-30 -8 -0.1263052081
-29 -8 -0.2532514552
-28 -8 -0.3813961170
-27 -8 -0.5112909945
-26 -8 -0.6434794635
-25 -8 -0.7784923682
-24 -8 -0.9168419706
-23 -8 -1.0590129992
-22 -8 -1.2054494538
-21 -8 -1.3565352450
-20 -8 -1.5125659411
-19 -8 -1.6737077313
-18 -8 -1.8399380988
-17 -8 -2.0109604664
-16 -8 -2.1860820704
-15 -8 -2.3640403897
-14 -8 -2.5427586411
-13 -8 -2.7190060745
-12 -8 -2.8879380237
-11 -8 -3.0425053422
-10 -8 -3.1727760813
-9 -8 -3.2653320849
-8 -8 -3.3030891659
-7 -8 -3.2660579410
-6 -8 -3.1335287315
-5 -8 -2.8877509880
-4 -8 -2.5184365640
-3 -8 -2.0267466782
-2 -8 -1.4273457456
-1 -8 -0.7477815386
0 -8 -0.0254404848
1 -8 0.6970435612
2 -8 1.3770349673
3 -8 1.9771420001
4 -8 2.4698081298
5 -8 2.8403568608
6 -8 3.0876117474
7 -8 3.2218427840
8 -8 3.2607797089
9 -8 3.2251090344
10 -8 3.1347949595
11 -8 3.0068948379
12 -8 2.8547987342
13 -8 2.6884096582
14 -8 2.5147473932
15 -8 2.3386272467
16 -8 2.1632510456
17 -8 1.9906675091
18 -8 1.8221123664
19 -8 1.6582532573
20 -8 1.4993636751
21 -8 1.3454454375
22 -8 1.1963143526
23 -8 1.0516598198
24 -8 0.9110860998
25 -8 0.7741407566
26 -8 0.6403341588
27 -8 0.5091527677
28 -8 0.3800681286
29 -8 0.2525429116
30 -8 0.1260349548
31 -8 0.0000000000
-31 -7 0.0000000000
-30 -7 -0.1318114063
-29 -7 -0.2643605505
-28 -7 -0.3983031548
-27 -7 -0.5342957121
-26 -7 -0.6729961938
-25 -7 -0.8150639627
-24 -7 -0.9611583785
-23 -7 -1.1119353353
-22 -7 -1.2680405840
-21 -7 -1.4300981062
-20 -7 -1.5986909277
-19 -7 -1.7743304237
-18 -7 -1.9574081685
-17 -7 -2.1481213496
-16 -7 -2.3463581381
-15 -7 -2.5515222041
-14 -7 -2.7622642568
-13 -7 -2.9760717740
-12 -7 -3.1886489163
-11 -7 -3.3930148639
-10 -7 -3.5783071689
-9 -7 -3.7284679541
-8 -7 -3.8213469132
-7 -7 -3.8291462882
-6 -7 -3.7212016130
-5 -7 -3.4694436125
-4 -7 -3.0555477422
-3 -7 -2.4774895753
-2 -7 -1.7530237430
-1 -7 -0.9188388983
0 -7 -0.0259478494
1 -7 0.8670888852
2 -7 1.7017089779
3 -7 2.4268942184
4 -7 3.0059470384
5 -7 3.4211005081
6 -7 3.6743635519
7 -7 3.7840422343
8 -7 3.7781846429
9 -7 3.6874316579
10 -7 3.5395553970
11 -7 3.3566788467
12 -7 3.1548312829
13 -7 2.9448456887
14 -7 2.7336729864
15 -7 2.5255791219
16 -7 2.3230471660
17 -7 2.1273978321
18 -7 1.9392001670
19 -7 1.7585404134
20 -7 1.5851978738
21 -7 1.4187598908
22 -7 1.2586967504
23 -7 1.1044101113
24 -7 0.9552639373
25 -7 0.8106038759
26 -7 0.6697690282
27 -7 0.5320987207
28 -7 0.3969360092
29 -7 0.2636290627
30 -7 0.1315311871
31 -7 0.0000000000
-31 -6 0.0000000000
-30 -6 -0.1368245783
-29 -6 -0.2744803200
-28 -6 -0.4137184805
-27 -6 -0.5552979409
-26 -6 -0.6999898418
-25 -6 -0.8485820398
-24 -6 -1.0018831461
-23 -6 -1.1607257121
-22 -6 -1.3259678127
-21 -6 -1.4984917799
-20 -6 -1.6791980325
-19 -6 -1.8689906648
-18 -6 -2.0687493698
-17 -6 -2.2792788259
-16 -6 -2.5012207583
-15 -6 -2.7349031787
-14 -6 -2.9800813205
-13 -6 -3.2354890839
-12 -6 -3.4980666388
-11 -6 -3.7616834613
-10 -6 -4.0152204444
-9 -6 -4.2401579169
-8 -6 -4.4084421382
-7 -6 -4.4821852530
-6 -6 -4.4170490523
-5 -6 -4.1701864583
-4 -6 -3.7113119952
-3 -6 -3.0331427736
-2 -6 -2.1570221114
-1 -6 -1.1316974692
0 -6 -0.0263856360
1 -6 1.0790741807
2 -6 2.1048409369
3 -6 2.9816923606
4 -6 3.6608719424
5 -6 4.1210238812
6 -6 4.3694153314
7 -6 4.4363130114
8 -6 4.3645424932
9 -6 4.1984180452
10 -6 3.9758014967
11 -6 3.7247188567
12 -6 3.4636607638
13 -6 3.2037164149
14 -6 2.9509859841
15 -6 2.7084989550
16 -6 2.4774915284
17 -6 2.2581794584
18 -6 2.0502070334
19 -6 1.8529065497
20 -6 1.6654494570
21 -6 1.4869346529
22 -6 1.3164394179
23 -6 1.1530477761
24 -6 0.9958651479
25 -6 0.8440247144
26 -6 0.6966888309
27 -6 0.5530475383
28 -6 0.4123154208
29 -6 0.2737275555
30 -6 0.1365349920
31 -6 0.0000000000
-31 -5 0.0000000000
-30 -5 -0.1412546875
-29 -5 -0.2834273184
-28 -5 -0.4273583108
-27 -5 -0.5739026834
-26 -5 -0.7239387545
-25 -5 -0.8783773986
-24 -5 -1.0381719669
-23 -5 -1.2043288815
-22 -5 -1.3779187430
-21 -5 -1.5600874821
-20 -5 -1.7520665496
-19 -5 -1.9551801827
-18 -5 -2.1708460801
-17 -5 -2.4005626378
-16 -5 -2.6458695471
-15 -5 -2.9082548945
-14 -5 -3.1889517729
-13 -5 -3.4885053045
-12 -5 -3.8058845732
-11 -5 -4.1367918371
-10 -5 -4.4708200464
-9 -5 -4.7874995241
-8 -5 -5.0522875789
-7 -5 -5.2149455041
-6 -5 -5.2134459682
-5 -5 -4.9851548910
-4 -5 -4.4833117342
-3 -5 -3.6929183402
-2 -5 -2.6393458048
-1 -5 -1.3865203671
0 -5 -0.0267525289
1 -5 1.3331651886
2 -5 2.5864384054
3 -5 3.6407510711
4 -5 4.4321677885
5 -5 4.9353048286
6 -5 5.1651444242
7 -5 5.1684281301
8 -5 5.0077682616
9 -5 4.7451679200
10 -5 4.4308394717
11 -5 4.0992975403
12 -5 3.7709824182
13 -5 3.4562708822
14 -5 3.1594299545
15 -5 2.8814598346
16 -5 2.6217851356
17 -5 2.3791433962
18 -5 2.1520184887
19 -5 1.9388444221
20 -5 1.7380986316
21 -5 1.5483417408
22 -5 1.3682306522
23 -5 1.1965181586
24 -5 1.0320459213
25 -5 0.8737344774
26 -5 0.7205722362
27 -5 0.5716044683
28 -5 0.4259227546
29 -5 0.2826550548
30 -5 0.1409563850
31 -5 0.0000000000
-31 -4 0.0000000000
-30 -4 -0.1450176634
-29 -4 -0.2910299958
-28 -4 -0.4389565812
-27 -4 -0.5897382445
-26 -4 -0.7443496740
-25 -4 -0.9038133888
-24 -4 -1.0692155452
-23 -4 -1.2417241150
-22 -4 -1.4226099945
-21 -4 -1.6132715924
-20 -4 -1.8152633372
-19 -4 -2.0303282238
-18 -4 -2.2604337023
-17 -4 -2.5078081418
-16 -4 -2.7749695630
-15 -4 -3.0647230333
-14 -4 -3.3800626402
-13 -4 -3.7238195244
-12 -4 -4.0977192288
-11 -4 -4.5002782791
-10 -4 -4.9228838520
-9 -4 -5.3439004745
-8 -4 -5.7221572265
-7 -4 -5.9933892786
-6 -4 -6.0745049552
-5 -4 -5.8786557340
-4 -4 -5.3385026389
-3 -4 -4.4290217917
-2 -4 -3.1798674659
-1 -4 -1.6727272422
0 -4 -0.0270474504
1 -4 1.6187837098
2 -4 3.1263761629
3 -4 4.3762779795
4 -4 5.2867923373
5 -4 5.8282522132
6 -4 6.0256654150
7 -4 5.9463517609
8 -4 5.6771378079
9 -4 5.3010907788
10 -4 4.8824489195
11 -4 4.4623548235
12 -4 4.0624143072
13 -4 3.6912096400
14 -4 3.3501932911
15 -4 3.0376087144
16 -4 2.7505942214
17 -4 2.4861260800
18 -4 2.2413709172
19 -4 2.0137841626
20 -4 1.8011130473
21 -4 1.6013682345
22 -4 1.4127876847
23 -4 1.2338010565
24 -4 1.0629974067
25 -4 0.8990968822
26 -4 0.7409262813
27 -4 0.5873980424
28 -4 0.4374921096
29 -4 0.2902401150
30 -4 0.1447113456
31 -4 0.0000000000
-31 -3 0.0000000000
-30 -3 -0.1480388060
-29 -3 -0.2971357236
-28 -3 -0.4482760513
-27 -3 -0.6024721507
-26 -3 -0.7607795504
-25 -3 -0.9243151438
-24 -3 -1.0942783639
-23 -3 -1.2719763991
-22 -3 -1.4588547682
-21 -3 -1.6565349107
-20 -3 -1.8668608805
-19 -3 -2.0919577507
-18 -3 -2.3343047997
-17 -3 -2.5968263138
-16 -3 -2.8829993130
-15 -3 -3.1969622287
-14 -3 -3.5435589364
-13 -3 -3.9281236117
-12 -3 -4.3555506897
-11 -3 -4.8278245807
-10 -3 -5.3389802907
-9 -3 -5.8670664534
-8 -3 -6.3647486080
-7 -3 -6.7533852755
-6 -3 -6.9274505028
-5 -3 -6.7737672469
-4 -3 -6.2022955227
-3 -3 -5.1766720453
-2 -3 -3.7307422719
-1 -3 -1.9649105333
0 -3 -0.0272695695
1 -3 1.9105238418
2 -3 3.6768110352
3 -3 5.1234936355
4 -3 6.1501580113
5 -3 6.7229458752
6 -3 6.8782043387
7 -3 6.7059541072
8 -3 6.3193501179
9 -3 5.8238937147
10 -3 5.2981996225
11 -3 4.7895737933
12 -3 4.3199377456
13 -3 3.8952257218
14 -3 3.5134221051
15 -3 3.1696012552
16 -3 2.8583982482
17 -3 2.5749393688
18 -3 2.3150576922
19 -3 2.0752494711
20 -3 1.8525658546
21 -3 1.6445055277
22 -3 1.4489242404
23 -3 1.2639619125
24 -3 1.0879844775
25 -3 0.9195373890
26 -3 0.7573081819
27 -3 0.6000959943
28 -3 0.4467863967
29 -3 0.2963302061
30 -3 0.1477252218
31 -3 0.0000000000
-31 -2 0.0000000000
-30 -2 -0.1502560108
-29 -2 -0.3016174748
-28 -2 -0.4551189195
-27 -2 -0.6118264858
-26 -2 -0.7728567737
-25 -2 -0.9393984057
-24 -2 -1.1127375190
-23 -2 -1.2942887134
-22 -2 -1.4856334494
-21 -2 -1.6885685571
-20 -2 -1.9051684879
-19 -2 -2.1378663139
-18 -2 -2.3895603215
-17 -2 -2.6637548877
-16 -2 -2.9647434311
-15 -2 -3.2978272154
-14 -2 -3.6695072953
-13 -2 -4.0874268015
-12 -2 -4.5594999694
-11 -2 -5.0911584749
-10 -2 -5.6793159883
-9 -2 -6.3023305386
-8 -2 -6.9078356784
-7 -2 -7.4044560779
-6 -2 -7.6662164417
-5 -2 -7.5555835973
-4 -2 -6.9613104879
-3 -2 -5.8362751048
-2 -2 -4.2179241609
-1 -2 -2.2236191966
0 -2 -0.0274183086
1 -2 2.1689356940
2 -2 4.1636981079
3 -2 5.7828051808
4 -2 6.9088860380
5 -2 7.5044810901
6 -2 7.6166961139
7 -2 7.3567588165
8 -2 6.8621801841
9 -2 6.2589108130
10 -2 5.6382991810
11 -2 5.0526831216
12 -2 4.5236746477
13 -2 4.0543292230
14 -2 3.6391838483
15 -2 3.2702929652
16 -2 2.9399825779
17 -2 2.6417216773
18 -2 2.3701803956
19 -2 2.1210384818
20 -2 1.8907668957
21 -2 1.6764452246
22 -2 1.4756211384
23 -2 1.2862040896
24 -2 1.1063845627
25 -2 0.9345720236
26 -2 0.7693465623
27 -2 0.6094205934
28 -2 0.4536079522
29 -2 0.3007983920
30 -2 0.1499359541
31 -2 0.0000000000
-31 -1 0.0000000000
-30 -1 -0.1516225872
-29 -1 -0.3043796744
-28 -1 -0.4593361631
-27 -1 -0.6175914693
-26 -1 -0.7803001275
-25 -1 -0.9486955235
-24 -1 -1.1241181897
-23 -1 -1.3080505086
-22 -1 -1.5021602794
-21 -1 -1.7083565211
-20 -1 -1.9288622417
-19 -1 -2.1663109258
-18 -1 -2.4238763924
-17 -1 -2.7054491865
-16 -1 -3.0158739866
-15 -1 -3.3612500082
-14 -1 -3.7492357723
-13 -1 -4.1891176871
-12 -1 -4.6910029703
-11 -1 -5.2628895332
-10 -1 -5.9039372954
-9 -1 -6.5929930024
-8 -1 -7.2743918013
-7 -1 -7.8479054618
-6 -1 -8.1730687499
-5 -1 -8.0949261749
-4 -1 -7.4869688195
-3 -1 -6.2942620084
-2 -1 -4.5567118882
-1 -1 -2.4036569960
0 -1 -0.0274933481
1 -1 2.3488236693
2 -1 4.5023367739
3 -1 6.2406442888
4 -1 7.4343983342
5 -1 8.0436798754
6 -1 8.1234073410
7 -1 7.8000702806
8 -1 7.2286019781
9 -1 6.5494429452
10 -1 5.8627945344
11 -1 5.2242929572
12 -1 4.6550614801
13 -1 4.1559092863
14 -1 3.7188071092
15 -1 3.3336163744
16 -1 2.9910197753
17 -1 2.6833288025
18 -1 2.4044156028
19 -1 2.1494086326
20 -1 1.9143926518
21 -1 1.6961716844
22 -1 1.4920929594
23 -1 1.2999173461
24 -1 1.1177231155
25 -1 0.9438333732
26 -1 0.7767604079
27 -1 0.6151622228
28 -1 0.4578078776
29 -1 0.3035491814
30 -1 0.1512968939
31 -1 0.0000000000
-31 0 0.0000000000
-30 0 -0.1521094531
-29 0 -0.3053627672
-28 0 -0.4608348530
-27 0 -0.6196361416
-26 0 -0.7829337960
-25 0 -0.9519761960
-24 0 -1.1281222085
-23 0 -1.3128771990
-22 0 -1.5079384099
-21 0 -1.7152533293
-20 0 -1.9370961822
-19 0 -2.1761699352
-18 0 -2.4357445077
-17 0 -2.7198460261
-16 0 -3.0335141523
-15 0 -3.3831326695
-14 0 -3.7767765422
-13 0 -4.2243288909
-12 0 -4.7367010218
-11 0 -5.3228427451
-10 0 -5.9827646851
-9 0 -6.6955383958
-8 0 -7.4043503482
-7 0 -8.0057922584
-6 0 -8.3541443915
-5 0 -8.2881041420
-4 0 -7.6755864986
-3 0 -6.4587906061
-2 0 -4.6784991649
-1 0 -2.4683884093
0 0 -0.0274946282
1 0 2.4135523659
2 0 4.6241208677
3 0 6.4051689378
4 0 7.6230110160
5 0 8.2368515364
6 0 8.3044751364
7 0 7.9579474938
8 0 7.3585490463
9 0 6.6519748493
10 0 5.9416063555
11 0 5.2842285013
12 0 4.7007397958
13 0 4.1910987691
14 0 3.7463243072
15 0 3.3554737984
16 0 3.0086332728
17 0 2.6976978243
18 0 2.4162550750
19 0 2.1592385373
20 0 1.9225974242
21 0 1.7030396881
22 0 1.4978430991
23 0 1.3047173261
24 0 1.1217021808
25 0 0.9470913287
26 0 0.7793740704
27 0 0.6171900632
28 0 0.4592933531
29 0 0.3045230945
30 0 0.1517789984
31 0 0.0000000000
-31 1 0.0000000000
-30 1 -0.1517065311
-29 1 -0.3045461251
-28 1 -0.4595828212
-27 1 -0.6179152027
-26 1 -0.7806970083
-25 1 -0.9491608732
-24 1 -1.1246466322
-23 1 -1.3086360293
-22 1 -1.5027962911
-21 1 -1.7090359353
-20 1 -1.9295775449
-19 1 -2.1670542593
-18 1 -2.4246396359
-17 1 -2.7062240438
-16 1 -3.0166520724
-15 1 -3.3620229363
-14 1 -3.7499952423
-13 1 -4.1898555706
-12 1 -4.6917113951
-11 1 -5.2635609633
-10 1 -5.9045646085
-9 1 -6.5935695620
-8 1 -7.2749115234
-7 1 -7.8483628755
-6 1 -8.1734590515
-5 1 -8.0952452746
-4 1 -7.4872133804
-3 1 -6.2944294776
-2 1 -4.5568005190
-1 1 -2.4036658621
0 1 -0.0274223490
1 1 2.3489738116
2 1 4.5025645267
3 1 6.2409473289
4 1 7.4347735761
5 1 8.0441235073
6 1 8.1239148680
7 1 7.8006365748
8 1 7.2292213344
9 1 6.5501091432
10 1 5.8635009049
11 1 5.2250324527
12 1 4.6558267488
13 1 4.1566927485
14 1 3.7196010353
15 1 3.3344129645
16 1 2.9918112377
17 1 2.6841074329
18 1 2.4051738608
19 1 2.1501392166
20 1 1.9150885709
21 1 1.6968263263
22 1 1.4927001543
23 1 1.3004714257
24 1 1.1182189664
25 1 0.9442664843
26 1 0.7771269118
27 1 0.6154589302
28 1 0.4580323046
29 1 0.3036995703
30 1 0.1513722257
31 1 0.0000000000
-31 2 0.0000000000
-30 2 -0.1504232287
-29 2 -0.3019490478
-28 2 -0.4556102679
-27 2 -0.6124713706
-26 2 -0.7736473709
-25 2 -0.9403253963
-24 2 -1.1137901938
-23 2 -1.2954550916
-22 2 -1.4869004097
-21 2 -1.6899219795
-20 2 -1.9065934054
-19 2 -2.1393470724
-18 2 -2.3910807453
-17 2 -2.6652984507
-16 2 -2.9662934302
-15 2 -3.2993669448
-14 2 -3.6710202207
-13 2 -4.0888967311
-12 2 -4.5609112212
-11 2 -5.0924960373
-10 2 -5.6805656734
-9 2 -6.3034791260
-8 2 -6.9088710482
-7 2 -7.4053673318
-6 2 -7.6669940103
-5 2 -7.5562193334
-4 2 -6.9617977438
-3 2 -5.8366087945
-2 2 -4.2181008044
-1 2 -2.2236369484
0 2 -0.0272769679
1 2 2.1692346894
2 2 4.1641517053
3 2 5.7834087528
4 2 6.9096334389
5 2 7.5053647270
6 2 7.6177070335
7 2 7.3578868040
8 2 6.8634138754
9 2 6.2602378172
10 2 5.6397062132
11 2 5.0541561434
12 2 4.5251990143
13 2 4.0558898355
14 2 3.6407653097
15 2 3.2718797376
16 2 2.9415591404
17 2 2.6432726826
18 2 2.3716908230
19 2 2.1224937863
20 2 1.8921531511
21 2 1.6777492589
22 2 1.4768306611
23 2 1.2873078091
24 2 1.1073722926
25 2 0.9354347777
26 2 0.7700766361
27 2 0.6100116334
28 2 0.4540550105
29 2 0.3010979667
30 2 0.1500860151
31 2 0.0000000000
-31 3 0.0000000000
-30 3 -0.1482879615
-29 3 -0.2976297700
-28 3 -0.4490081657
-27 3 -0.6034330379
-26 3 -0.7619575534
-25 3 -0.9256963782
-24 3 -1.0958468741
-23 3 -1.2737143347
-22 3 -1.4607425791
-21 3 -1.6585515590
-20 3 -1.8689840662
-19 3 -2.0941641495
-18 3 -2.3365703107
-17 3 -2.5991263134
-16 3 -2.8853089138
-15 3 -3.1992565393
-14 3 -3.5458133206
-13 3 -3.9303139437
-12 3 -4.3576536031
-11 3 -4.8298177078
-10 3 -5.3408424909
-9 3 -5.8687780277
-8 3 -6.3662914973
-7 3 -6.7547432402
-6 3 -6.9286092837
-5 3 -6.7747147034
-4 3 -6.2030217489
-3 3 -5.1771694616
-2 3 -3.7310056922
-1 3 -1.9649372065
0 3 -0.0270591952
1 3 1.9109691225
2 3 3.6774866750
3 3 5.1243927408
4 3 6.1512714260
5 3 6.7242622872
6 3 6.8797104084
7 3 6.7076346155
8 3 6.3211881330
9 3 5.8258707751
10 3 5.3002959342
11 3 4.7917684396
12 3 4.3222089060
13 3 3.8975508993
14 3 3.5157783583
15 3 3.1719654326
16 3 2.8607472239
17 3 2.5772502749
18 3 2.3173081476
19 3 2.0774178035
20 3 1.8546313134
21 3 1.6464484861
22 3 1.4507263850
23 3 1.2656064181
24 3 1.0894561657
25 3 0.9208228695
26 3 0.7583959744
27 3 0.6009766314
28 3 0.4474525052
29 3 0.2967765676
30 3 0.1479488105
31 3 0.0000000000
-31 4 0.0000000000
-30 4 -0.1453467617
-29 4 -0.2916825609
-28 4 -0.4399236027
-27 4 -0.5910074464
-26 4 -0.7459056611
-25 4 -0.9056378236
-24 4 -1.0712873545
-23 4 -1.2440197227
-22 4 -1.4251035795
-21 4 -1.6159353683
-20 4 -1.8180678503
-19 4 -2.0332426676
-18 4 -2.2634262440
-17 4 -2.5108462582
-16 4 -2.7780203820
-15 4 -3.0677536774
-14 4 -3.3830405689
-13 4 -3.7267128711
-12 4 -4.1004971294
-11 4 -4.5029111885
-10 4 -4.9253438459
-9 4 -5.3461615325
-8 4 -5.7241954935
-7 4 -5.9951833033
-6 4 -6.0760359015
-5 4 -5.8799075642
-4 4 -5.3394622669
-3 4 -4.4296792037
-2 4 -3.1802158098
-1 4 -1.6727628818
0 4 -0.0267699869
1 4 1.6193714507
2 4 3.1272681772
3 4 4.3774651639
4 4 5.2882626000
5 4 5.8299906146
6 4 6.0276543372
7 4 5.9485711036
8 4 5.6795652082
9 4 5.3037018533
10 4 4.8852175244
11 4 4.4652533318
12 4 4.0654138982
13 4 3.6942805991
14 4 3.3533053163
15 4 3.0407312264
16 4 2.7536966741
17 4 2.4891782680
18 4 2.2443432781
19 4 2.0166480698
20 4 1.8038410916
21 4 1.6039344910
22 4 1.4151679629
23 4 1.2359731318
24 4 1.0649412296
25 4 0.9007947646
26 4 0.7423630583
27 4 0.5885612075
28 4 0.4383719227
29 4 0.2908296818
30 4 0.1450066685
31 4 0.0000000000
-31 5 0.0000000000
-30 5 -0.1416610863
-29 5 -0.2842331641
-28 5 -0.4285524789
-27 5 -0.5754700173
-26 5 -0.7258602458
-25 5 -0.8806304054
-24 5 -1.0407304689
-23 5 -1.2071637679
-22 5 -1.3809981304
-21 5 -1.5633770598
-20 5 -1.7555299481
-19 5 -1.9587793615
-18 5 -2.1745417311
-17 5 -2.4043146000
-16 5 -2.6496372282
-15 5 -2.9119976955
-14 5 -3.1926295102
-13 5 -3.4920786264
-12 5 -3.8093153654
-11 5 -4.1400436142
-10 5 -4.4738583240
-9 5 -4.7902921680
-8 5 -5.0548051291
-7 5 -5.2171614683
-6 5 -5.2153370836
-5 5 -4.9867013499
-4 5 -4.4844973736
-3 5 -3.6937307913
-2 5 -2.6397766023
-1 5 -1.3865650175
0 5 -0.0264105361
1 5 1.3338903386
2 5 2.5875393020
3 5 3.6422164762
4 5 4.4339827735
5 5 4.9374509478
6 5 5.1675999246
7 5 5.1711681929
8 5 5.0107652737
9 5 4.7483917729
10 5 4.4342578828
11 5 4.1028763950
12 5 3.7746861277
13 5 3.4600627533
14 5 3.1632725684
15 5 2.8853154298
16 5 2.6256159911
17 5 2.3829122116
18 5 2.1556887573
19 5 1.9423807924
20 5 1.7414672552
21 5 1.5515106022
22 5 1.3711698775
23 5 1.1992003012
24 5 1.0344462203
25 5 0.8758310883
26 5 0.7223464301
27 5 0.5730407990
28 5 0.4270091922
29 5 0.2833830835
30 5 0.1413210665
31 5 0.0000000000
-31 6 0.0000000000
-30 6 -0.1373050026
-29 6 -0.2754329537
-28 6 -0.4151301765
-27 6 -0.5571507857
-26 6 -0.7022613684
-25 6 -0.8512454863
-24 6 -1.0049077567
-23 6 -1.1640770773
-22 6 -1.3296082455
-21 6 -1.5023807234
-20 6 -1.6832924957
-19 6 -1.8732456811
-18 6 -2.0731184736
-17 6 -2.2837145429
-16 6 -2.5056751040
-15 6 -2.7393281599
-14 6 -2.9844294346
-13 6 -3.2397138112
-12 6 -3.5021229221
-11 6 -3.7655281679
-10 6 -4.0188128067
-9 6 -4.2434599454
-8 6 -4.4114190039
-7 6 -4.4848056349
-6 6 -4.4192854465
-5 6 -4.1720154453
-4 6 -3.7127144634
-3 6 -3.0341040967
-2 6 -2.1575322776
-1 6 -1.1317511613
0 6 -0.0259822626
1 6 1.0799305038
2 6 2.1061414540
3 6 2.9834237916
4 6 3.6630166440
5 6 4.1235600526
6 6 4.3723172614
7 6 4.4395513643
8 6 4.3680846300
9 6 4.2022283762
10 6 3.9798418619
11 6 3.7289489299
12 6 3.4680384754
13 6 3.2081983897
14 6 2.9555279885
15 6 2.7130563495
16 6 2.4820197213
17 6 2.2626343547
18 6 2.0545454758
19 6 1.8570867464
20 6 1.6694313925
21 6 1.4906804781
22 6 1.3199138154
23 6 1.1562182974
24 6 0.9987025195
25 6 0.8465031098
26 6 0.6987861070
27 6 0.5547454326
28 6 0.4135997090
29 6 0.2745881681
30 6 0.1369660883
31 6 0.0000000000
-31 7 0.0000000000
-30 7 -0.1323619667
-29 7 -0.2654522614
-28 7 -0.3999209548
-27 7 -0.5364190775
-26 7 -0.6755993831
-25 7 -0.8181163125
-24 7 -0.9646246483
-23 7 -1.1157760976
-22 7 -1.2722126548
-21 7 -1.4345550128
-20 7 -1.6033834072
-19 7 -1.7792069487
-18 7 -1.9624154933
-17 7 -2.1532050720
-16 7 -2.3514632706
-15 7 -2.5565937482
-14 7 -2.7672477758
-13 7 -2.9809139568
-12 7 -3.1932981269
-11 7 -3.3974216714
-10 7 -3.5824248517
-9 7 -3.7322529736
-8 7 -3.8247593522
-7 7 -3.8321502490
-6 7 -3.7237655715
-5 7 -3.4715407249
-4 7 -3.0571561012
-3 7 -2.4785924133
-2 7 -1.7536095801
-1 7 -0.9189016345
0 7 -0.0254868004
1 7 0.8680690094
2 7 1.7031981500
3 7 2.4288772260
4 7 3.0084036689
5 7 3.4240057840
6 7 3.6776880141
7 7 3.7877522697
8 7 3.7822428522
9 7 3.6917972600
10 7 3.5441846649
11 7 3.3615255702
12 7 3.1598472533
13 7 2.9499812003
14 7 2.7388773493
15 7 2.5308011806
16 7 2.3282358191
17 7 2.1325025466
18 7 1.9441714842
19 7 1.7633304387
20 7 1.5897607481
21 7 1.4230522369
22 7 1.2626780921
23 7 1.1080432599
24 7 0.9585153422
25 7 0.8134439367
26 7 0.6721723654
27 7 0.5340444017
28 7 0.3984077295
29 7 0.2646152790
30 7 0.1320252023
31 7 0.0000000000
-31 8 0.0000000000
-30 8 -0.1269214220
-29 8 -0.2544733566
-28 8 -0.3832068543
-27 8 -0.5136676032
-26 8 -0.6463931390
-25 8 -0.7819087975
-24 8 -0.9207217175
-23 8 -1.0633119412
-22 8 -1.2101192637
-21 8 -1.3615239142
-20 8 -1.5178183378
-19 8 -1.6791661883
-18 8 -1.8455430251
-17 8 -2.0166509758
-16 8 -2.1917966207
-15 8 -2.3697174259
-14 8 -2.5483372357
-13 8 -2.7244265588
-12 8 -2.8931426033
-11 8 -3.0474386894
-10 8 -3.1773859002
-9 8 -3.2695696413
-8 8 -3.3069097777
-7 8 -3.2694214245
-6 8 -3.1363997972
-5 8 -2.8900995843
-4 8 -2.5202381642
-3 8 -2.0279825072
-2 8 -1.4280029466
-1 8 -0.7478532762
0 8 -0.0249259844
1 8 0.6981390362
2 8 1.3787002023
3 8 1.9793599768
4 8 2.4725562330
5 8 2.8436071422
6 8 3.0913312419
7 8 3.2259938769
8 8 3.2653205472
9 8 3.2299939791
10 8 3.1399750739
11 8 3.0123184052
12 8 2.8604118003
13 8 2.6941565924
14 8 2.5205714624
15 8 2.3444711963
16 8 2.1690576803
17 8 1.9963802694
18 8 1.8276758944
19 8 1.6636139451
20 8 1.5044701922
21 8 1.3502492310
22 8 1.2007701160
23 8 1.0557259257
24 8 0.9147249923
25 8 0.7773193012
26 8 0.6430239445
27 8 0.5113303611
28 8 0.3817152759
29 8 0.2536466882
30 8 0.1265878604
31 8 0.0000000000
-31 9 0.0000000000
-30 9 -0.1210754381
-29 9 -0.2426835342
-28 9 -0.3652768456
-27 9 -0.4892970486
-26 9 -0.6151691259
-25 9 -0.7432940085
-24 9 -0.8740388959
-23 9 -1.0077242329
-22 9 -1.1446059734
-21 9 -1.2848512734
-20 9 -1.4285051051
-19 9 -1.5754444185
-18 9 -1.7253153728
-17 9 -1.8774478207
-16 9 -2.0307397380
-15 9 -2.1835029131
-14 9 -2.3332605954
-13 9 -2.4764894001
-12 9 -2.6083048073
-11 9 -2.7221084171
-10 9 -2.8092554236
-9 9 -2.8588701348
-8 9 -2.8580251316
-7 9 -2.7925556068
-6 9 -2.6487159659
-5 9 -2.4156313151
-4 9 -2.0881001602
-3 9 -1.6689734186
-2 9 -1.1703168544
-1 9 -0.6129270578
0 9 -0.0243018357
1 9 0.5644575257
2 9 1.1222480946
3 9 1.6215671510
4 9 2.0416099950
5 9 2.3702996749
6 9 2.6047711696
7 9 2.7502091591
8 9 2.8174692559
9 9 2.8202755870
10 9 2.7727696172
11 9 2.6878538877
12 9 2.5763780384
13 9 2.4469600281
14 9 2.3061710047
15 9 2.1588682283
16 9 2.0085482138
17 9 1.8576616236
18 9 1.7078717455
19 9 1.5602572109
20 9 1.4154666494
21 9 1.2738345794
22 9 1.1354672131
23 9 1.0003054792
24 9 0.8681710790
25 9 0.7388000476
26 9 0.6118671927
27 9 0.4870039181
28 9 0.3638112852
29 9 0.2418696845
30 9 0.1207461367
31 9 0.0000000000
-31 10 0.0000000000
-30 10 -0.1149155766
-29 10 -0.2302687020
-28 10 -0.3464168399
-27 10 -0.4637020503
-26 10 -0.5824427770
-25 10 -0.7029239672
-24 10 -0.8253847419
-23 10 -0.9500026336
-22 10 -1.0768731286
-21 10 -1.2059828910
-20 10 -1.3371745899
-19 10 -1.4701007108
-18 10 -1.6041631319
-17 10 -1.7384346864
-16 10 -1.8715586026
-15 10 -2.0016220128
-14 10 -2.1260013605
-13 10 -2.2411817488
-12 10 -2.3425610861
-11 10 -2.4242662134
-10 10 -2.4790349695
-9 10 -2.4982548575
-8 10 -2.4722845975
-7 10 -2.3911913401
-6 10 -2.2459740921
-5 10 -2.0301908758
-4 10 -1.7416994924
-3 10 -1.3840638416
-2 10 -0.9671834354
-1 10 -0.5068995052
0 10 -0.0236165460
1 10 0.4597966334
2 10 0.9204696280
3 10 1.3379931766
4 10 1.6965181813
5 10 1.9861342773
6 10 2.2032638837
7 10 2.3500328880
8 10 2.4328645640
9 10 2.4607390793
10 10 2.4435666389
11 10 2.3909643882
12 10 2.3115195505
13 10 2.2124682410
14 10 2.0996571798
15 10 1.9776620109
16 10 1.8499715613
17 10 1.7191840753
18 10 1.5871882372
19 10 1.4553181190
20 10 1.3244800066
21 10 1.1952532696
22 10 1.0679690796
23 10 0.9427710808
24 10 0.8196617892
25 10 0.6985379363
26 10 0.5792173725
27 10 0.4614596096
28 10 0.3449816206
29 10 0.2294701609
30 10 0.1145915935
31 10 0.0000000000
-31 11 0.0000000000
-30 11 -0.1085301301
-29 11 -0.2174077619
-28 11 -0.3269010207
-27 11 -0.4372591917
-26 11 -0.5487027584
-25 11 -0.6614117943
-24 11 -0.7755119798
-23 11 -0.8910573738
-22 11 -1.0080088680
-21 11 -1.1262070281
-20 11 -1.2453377618
-19 11 -1.3648890030
-18 11 -1.4840964145
-17 11 -1.6018761220
-16 11 -1.7167429084
-15 11 -1.8267134871
-14 11 -1.9291969839
-13 11 -2.0208793956
-12 11 -2.0976165563
-11 11 -2.1543619682
-10 11 -2.1851717580
-9 11 -2.1833462232
-8 11 -2.1417777525
-7 11 -2.0535636525
-6 11 -1.9128934198
-5 11 -1.7161294543
-4 11 -1.4628923535
-3 11 -1.1568887988
-2 11 -0.8062329423
-1 11 -0.4231205974
0 11 -0.0228724616
1 11 0.3775016599
2 11 0.7609904181
3 11 1.1122685081
4 11 1.4191325114
5 11 1.6734577842
6 11 1.8715244184
7 11 2.0136960475
8 11 2.1035921890
9 11 2.1470032124
10 11 2.1508099185
11 11 2.1220965853
12 11 2.0675384796
13 11 1.9930542925
14 11 1.9036649586
15 11 1.8034890721
16 11 1.6958154281
17 11 1.5832104253
18 11 1.4676339648
19 11 1.3505493119
20 11 1.2330201469
21 11 1.1157926700
22 11 0.9993631387
23 11 0.8840324039
24 11 0.7699494298
25 11 0.6571457901
26 11 0.5455629512
27 11 0.4350738988
28 11 0.3255004037
29 11 0.2166269959
30 11 0.1082125204
31 11 0.0000000000
-31 12 0.0000000000
-30 12 -0.1020018303
-29 12 -0.2042679782
-28 12 -0.3069847824
-27 12 -0.4103173912
-26 12 -0.5143986816
-25 12 -0.6193166582
-24 12 -0.7250997059
-23 12 -0.8316989712
-22 12 -0.9389670392
-21 12 -1.0466319570
-20 12 -1.1542655625
-19 12 -1.2612450434
-18 12 -1.3667067576
-17 12 -1.4694917079
-16 12 -1.5680828565
-15 12 -1.6605359708
-14 12 -1.7444082392
-13 12 -1.8166929102
-12 12 -1.8737740062
-11 12 -1.9114227301
-10 12 -1.9248655628
-9 12 -1.9089605215
-8 12 -1.8585174135
-7 12 -1.7687829997
-6 12 -1.6360770239
-5 12 -1.4585120332
-4 12 -1.2366739943
-3 12 -0.9741078788
-2 12 -0.6774657424
-1 12 -0.3562372817
0 12 -0.0220720669
1 12 0.3122145977
2 12 0.6338059214
3 12 0.9310478955
4 12 1.1944434977
5 12 1.4173305659
6 12 1.5961513875
7 12 1.7303048057
8 12 1.8216608546
9 12 1.8738803952
10 12 1.8916955772
11 12 1.8802741152
12 12 1.8447344523
13 12 1.7898258476
14 12 1.7197524711
15 12 1.6381056639
16 12 1.5478678913
17 12 1.4514583829
18 12 1.3507988393
19 12 1.2473851460
20 12 1.1423568408
21 12 1.0365600868
22 12 0.9306024597
23 12 0.8248993576
24 12 0.7197126375
25 12 0.6151824461
26 12 0.5113533156
27 12 0.4081955650
28 12 0.3056229538
29 12 0.2035074227
30 12 0.1016916424
31 12 0.0000000000
-31 13 0.0000000000
-30 13 -0.0954060729
-29 13 -0.1910014223
-28 13 -0.2868993935
-27 13 -0.3831908077
-26 13 -0.4799323277
-25 13 -0.5771335066
-24 13 -0.6747420089
-23 13 -0.7726264469
-22 13 -0.8705562372
-21 13 -0.9681778576
-20 13 -1.0649869168
-19 13 -1.1602955625
-18 13 -1.2531950332
-17 13 -1.3425136862
-16 13 -1.4267717418
-15 13 -1.5041354453
-14 13 -1.5723755236
-13 13 -1.6288378550
-12 13 -1.6704381400
-11 13 -1.6936966766
-10 13 -1.6948330533
-9 13 -1.6699416651
-8 13 -1.6152644476
-7 13 -1.5275639012
-6 13 -1.4045758708
-5 13 -1.2454906766
-4 13 -1.0513822065
-3 13 -0.8254905921
-2 13 -0.5732755882
-1 13 -0.3021953590
0 13 -0.0212179684
1 13 0.2598760506
2 13 0.5313047386
3 13 0.7840957728
4 13 1.0107839592
5 13 1.2058998453
6 13 1.3661910735
7 13 1.4905691794
8 13 1.5798271276
9 13 1.6362104617
10 13 1.6629364431
11 13 1.6637415656
12 13 1.6425088441
13 13 1.6029954085
14 13 1.5486573260
15 13 1.4825552524
16 13 1.4073200006
17 13 1.3251582102
18 13 1.2378820088
19 13 1.1469508731
20 13 1.0535177657
21 13 0.9584746681
22 13 0.8624948038
23 13 0.7660703069
24 13 0.6695450024
25 13 0.5731424894
26 13 0.4769899982
27 13 0.3811386096
28 13 0.2855804521
29 13 0.1902634740
30 13 0.0951043451
31 13 0.0000000000
-31 14 0.0000000000
-30 14 -0.0888096636
-29 14 -0.1777424951
-28 14 -0.2668483655
-27 14 -0.3561541840
-26 14 -0.4456521949
-25 14 -0.5352871962
-24 14 -0.6249422964
-23 14 -0.7144228125
-22 14 -0.8034379327
-21 14 -0.8915798049
-20 14 -0.9782998249
-19 14 -1.0628820960
-18 14 -1.1444143839
-17 14 -1.2217574584
-16 14 -1.2935145689
-15 14 -1.3580040406
-14 14 -1.4132396451
-13 14 -1.4569254902
-12 14 -1.4864745043
-11 14 -1.4990617197
-10 14 -1.4917246359
-9 14 -1.4615216706
-8 14 -1.4057545185
-7 14 -1.3222498733
-6 14 -1.2096805468
-5 14 -1.0678881242
-4 14 -0.8981543429
-3 14 -0.7033630818
-2 14 -0.4880040313
-1 14 -0.2579926290
0 14 -0.0203128780
1 14 0.2174784100
2 14 0.4478230603
3 14 0.6637329997
4 14 0.8592860732
5 14 1.0299833225
6 14 1.1729291855
7 14 1.2868279949
8 14 1.3718221916
9 14 1.4292211775
10 14 1.4611789179
11 14 1.4703731035
12 14 1.4597237271
13 14 1.4321710386
14 14 1.3905174169
15 14 1.3373273359
16 14 1.2748744093
17 14 1.2051232317
18 14 1.1297348054
19 14 1.0500864729
20 14 0.9672996066
21 14 0.8822703982
22 14 0.7957007568
23 14 0.7081275649
24 14 0.6199493986
25 14 0.5314503856
26 14 0.4428212260
27 14 0.3541776019
28 14 0.2655763112
29 14 0.1770295049
30 14 0.0885174208
31 14 0.0000000000
-31 15 0.0000000000
-30 15 -0.0822700562
-29 15 -0.1646064572
-28 15 -0.2470053924
-27 15 -0.3294404018
-26 15 -0.4118509887
-25 15 -0.4941304087
-24 15 -0.5761123624
-23 15 -0.6575563474
-22 15 -0.7381314691
-21 15 -0.8173985979
-20 15 -0.8947909097
-19 15 -0.9695930759
-18 15 -1.0409197377
-17 15 -1.1076944137
-16 15 -1.1686307233
-15 15 -1.2222187615
-14 15 -1.2667206369
-13 15 -1.3001804992
-12 15 -1.3204556227
-11 15 -1.3252759042
-10 15 -1.3123388796
-9 15 -1.2794452988
-8 15 -1.2246756837
-7 15 -1.1466007678
-6 15 -1.0445088377
-5 15 -0.9186226853
-4 15 -0.7702712748
-3 15 -0.6019798383
-2 15 -0.4174491922
-1 15 -0.2214102286
0 15 -0.0193595978
1 15 0.1827972249
2 15 0.3791534674
3 15 0.5642086073
4 15 0.7332253618
5 15 0.8824940977
6 15 1.0094784673
7 15 1.1128362545
8 15 1.1923294698
9 15 1.2486529047
10 15 1.2832174250
11 15 1.2979228952
12 15 1.2949480247
13 15 1.2765741072
14 15 1.2450497532
15 15 1.2024961865
16 15 1.1508480588
17 15 1.0918226758
18 15 1.0269102705
19 15 0.9573787537
20 15 0.8842876113
21 15 0.8085069331
22 15 0.7307387326
23 15 0.6515386744
24 15 0.5713370546
25 15 0.4904583998
26 15 0.4091394137
27 15 0.3275452347
28 15 0.2457841155
29 15 0.1639207233
30 15 0.0819883068
31 15 0.0000000000
-31 16 0.0000000000
-30 16 -0.0758350273
-29 16 -0.1516888473
-28 16 -0.2275136616
-27 16 -0.3032399249
-26 16 -0.3787655657
-25 16 -0.4539446241
-24 16 -0.5285751379
-23 16 -0.6023861554
-22 16 -0.6750238156
-21 16 -0.7460365464
-20 16 -0.8148595917
-19 16 -0.8807993091
-18 16 -0.9430180115
-17 16 -1.0005205654
-16 16 -1.0521445258
-15 16 -1.0965562773
-14 16 -1.1322564135
-13 16 -1.1575983317
-12 16 -1.1708245521
-11 16 -1.1701253218
-10 16 -1.1537232363
-9 16 -1.1199855103
-8 16 -1.0675618375
-7 16 -0.9955405236
-6 16 -0.9036093422
-5 16 -0.7922016633
-4 16 -0.6626046647
-3 16 -0.5170067165
-2 16 -0.3584663640
-1 16 -0.1907953568
0 16 -0.0183610047
1 16 0.1541739569
2 16 0.3221455650
3 16 0.4811828441
4 16 0.6274679944
5 16 0.7579341234
6 16 0.8703823380
7 16 0.9635129139
8 16 1.0368780933
9 16 1.0907740818
10 16 1.1260951525
11 16 1.1441730421
12 16 1.1466210880
13 16 1.1351966504
14 16 1.1116891325
15 16 1.0778356546
16 16 1.0352627471
17 16 0.9854503232
18 16 0.9297133696
19 16 0.8691968405
20 16 0.8048797736
21 16 0.7375853939
22 16 0.6679947311
23 16 0.5966619688
24 16 0.5240303080
25 16 0.4504475723
26 16 0.3761811081
27 16 0.3014317689
28 16 0.2263469327
29 16 0.1510326093
30 16 0.0755647602
31 16 0.0000000000
-31 17 0.0000000000
-30 17 -0.0695427188
-29 17 -0.1390656431
-28 17 -0.2084862890
-27 17 -0.2777017647
-26 17 -0.3465787995
-25 17 -0.4149434059
-24 17 -0.4825700940
-23 17 -0.5491706093
-22 17 -0.6143822407
-21 17 -0.6777558560
-20 17 -0.7387439781
-19 17 -0.7966894223
-18 17 -0.8508152974
-17 17 -0.9002175141
-16 17 -0.9438613655
-15 17 -0.9805842015
-14 17 -1.0091066728
-13 17 -1.0280553782
-12 17 -1.0359998596
-11 17 -1.0315065713
-10 17 -1.0132114716
-9 17 -0.9799110419
-8 17 -0.9306687599
-7 17 -0.8649304663
-6 17 -0.7826381805
-5 17 -0.6843285824
-4 17 -0.5712006680
-3 17 -0.4451379811
-2 17 -0.3086748055
-1 17 -0.1649024399
0 17 -0.0173200366
1 17 0.1303571734
2 17 0.2744128033
3 17 0.4113442491
4 17 0.5380545153
5 17 0.6520014582
6 17 0.7512916252
7 17 0.8347142064
8 17 0.9017189736
9 17 0.9523488218
10 17 0.9871415052
11 17 1.0070160599
12 17 1.0131576906
13 17 1.0069115632
14 17 0.9896920594
15 17 0.9629104639
16 17 0.9279212741
17 17 0.8859854805
18 17 0.8382481878
19 17 0.7857276281
20 17 0.7293127292
21 17 0.6697667584
22 17 0.6077350175
23 17 0.5437550210
24 17 0.4782680113
25 17 0.4116310062
26 17 0.3441288569
27 17 0.2759860004
28 17 0.2073777502
29 17 0.1384410757
30 17 0.0692849005
31 17 0.0000000000
-31 18 0.0000000000
-30 18 -0.0634219729
-29 18 -0.1267940053
-28 18 -0.1900076276
-27 18 -0.2529355959
-26 18 -0.3154228513
-25 18 -0.3772772964
-24 18 -0.4382603749
-23 18 -0.4980774959
-22 18 -0.5563684194
-21 18 -0.6126978229
-20 18 -0.6665464088
-19 18 -0.7173030876
-18 18 -0.7642589932
-17 18 -0.8066043424
-16 18 -0.8434294397
-15 18 -0.8737314073
-14 18 -0.8964284623
-13 18 -0.9103836671
-12 18 -0.9144399718
-11 18 -0.9074678981
-10 18 -0.8884262863
-9 18 -0.8564350352
-8 18 -0.8108567389
-7 18 -0.7513817259
-6 18 -0.6781086085
-5 18 -0.5916106019
-4 18 -0.4929772107
-3 18 -0.3838219143
-2 18 -0.2662494363
-1 18 -0.1427807721
0 18 -0.0162396794
1 18 0.1103902139
2 18 0.2341241981
3 18 0.3521352849
4 18 0.4618971469
5 18 0.5612977044
6 18 0.6487142036
7 18 0.7230460829
8 18 0.7837074462
9 18 0.8305855616
10 18 0.8639747455
11 18 0.8844960370
12 18 0.8930123952
13 18 0.8905473113
14 18 0.8782123250
15 18 0.8571465387
16 18 0.8284691937
17 18 0.7932448869
18 18 0.7524600702
19 18 0.7070090151
20 18 0.6576873091
21 18 0.6051910615
22 18 0.5501202338
23 18 0.4929847924
24 18 0.4342126682
25 18 0.3741587651
26 18 0.3131144804
27 18 0.2513173768
28 18 0.1889607838
29 18 0.1262032132
30 18 0.0631775451
31 18 0.0000000000
-31 19 0.0000000000
-30 19 -0.0574928844
-29 19 -0.1149134515
-28 19 -0.1721352033
-27 19 -0.2290146734
-26 19 -0.2853833744
-25 19 -0.3410397093
-24 19 -0.3957408844
-23 19 -0.4491949105
-22 19 -0.5010528517
-21 19 -0.5509015707
-20 19 -0.5982573362
-19 19 -0.6425608006
-18 19 -0.6831740190
-17 19 -0.7193803634
-16 19 -0.7503883691
-15 19 -0.7753407032
-14 19 -0.7933295431
-13 19 -0.8034196136
-12 19 -0.8046799205
-11 19 -0.7962247266
-10 19 -0.7772635182
-9 19 -0.7471585557
-8 19 -0.7054871629
-7 19 -0.6521043236
-6 19 -0.5871996961
-5 19 -0.5113421662
-4 19 -0.4255049201
-3 19 -0.3310649944
-2 19 -0.2297734343
-1 19 -0.1236953619
0 19 -0.0151229549
1 19 0.0935320603
2 19 0.1998569517
3 19 0.3015565387
4 19 0.3965607427
5 19 0.4831116803
6 19 0.5598236943
7 19 0.6257133196
8 19 0.6801998828
9 19 0.7230805999
10 19 0.7544862130
11 19 0.7748241834
12 19 0.7847163147
13 19 0.7849366951
14 19 0.7763543847
15 19 0.7598836921
16 19 0.7364434397
17 19 0.7069254711
18 19 0.6721718465
19 19 0.6329596888
20 19 0.5899924252
21 19 0.5438961371
22 19 0.4952198220
23 19 0.4444385308
24 19 0.3919585234
25 19 0.3381237682
26 19 0.2832232782
27 19 0.2274989156
28 19 0.1711534148
29 19 0.1143584644
30 19 0.0572627615
31 19 0.0000000000
-31 20 0.0000000000
-30 20 -0.0517675021
-29 20 -0.1034473183
-28 20 -0.1549020599
-27 20 -0.2059792472
-26 20 -0.2565042518
-25 20 -0.3062733154
-24 20 -0.3550467136
-23 20 -0.4025421841
-22 20 -0.4484287944
-21 20 -0.4923215056
-20 20 -0.5337767775
-19 20 -0.5722896722
-18 20 -0.6072930256
-17 20 -0.6381593834
-16 20 -0.6642064963
-15 20 -0.6847072442
-14 20 -0.6989048608
-13 20 -0.7060342238
-12 20 -0.7053497252
-11 20 -0.6961597923
-10 20 -0.6778674728
-9 20 -0.6500156382
-8 20 -0.6123343490
-7 20 -0.5647868939
-6 20 -0.5076101392
-5 20 -0.4413443284
-4 20 -0.3668475760
-3 20 -0.2852911405
-2 20 -0.1981331633
-1 20 -0.1070707670
0 20 -0.0139729107
1 20 0.0792011924
2 20 0.1704914016
3 20 0.2580259882
4 20 0.3401032585
5 20 0.4152587641
6 20 0.4823132955
7 20 0.5403992584
8 20 0.5889655371
9 20 0.6277631592
10 20 0.6568156706
11 20 0.6763789770
12 20 0.6868955084
13 20 0.6889470663
14 20 0.6832098407
15 20 0.6704140478
16 20 0.6513096333
17 20 0.6266386230
18 20 0.5971140475
19 20 0.5634049245
20 20 0.5261265291
21 20 0.4858350785
22 20 0.4430259596
23 20 0.3981347009
24 20 0.3515399920
25 20 0.3035681772
26 20 0.2544987672
27 20 0.2045706199
28 20 0.1539885352
29 20 0.1029300861
30 20 0.0515525685
31 20 0.0000000000
-31 21 0.0000000000
-30 21 -0.0462506175
-29 21 -0.0924043899
-28 21 -0.1383193265
-27 21 -0.1838402173
-26 21 -0.2287925405
-25 21 -0.2729765235
-24 21 -0.3161614492
-23 21 -0.3580803385
-22 21 -0.3984251893
-21 21 -0.4368430156
-20 21 -0.4729330008
-19 21 -0.5062451558
-18 21 -0.5362809562
-17 21 -0.5624965002
-16 21 -0.5843087879
-15 21 -0.6011057293
-14 21 -0.6122604478
-13 21 -0.6171503076
-12 21 -0.6151808493
-11 21 -0.6058144364
-10 21 -0.5886029033
-9 21 -0.5632228614
-8 21 -0.5295116233
-7 21 -0.4875010430
-6 21 -0.4374460519
-5 21 -0.3798444553
-4 21 -0.3154447536
-3 21 -0.2452394443
-2 21 -0.1704424412
-1 21 -0.0924507947
0 21 -0.0127926109
1 21 0.0669353064
2 21 0.1451353061
3 21 0.2202767508
4 21 0.2909584128
5 21 0.3559606144
6 21 0.4142835919
7 21 0.4651701810
8 21 0.5081126406
9 21 0.5428449750
10 21 0.5693232984
11 21 0.5876974720
12 21 0.5982774506
13 21 0.6014975524
14 21 0.5978813541
15 21 0.5880092470
16 21 0.5724899947
17 21 0.5519369996
18 21 0.5269494726
19 21 0.4980983178
20 21 0.4659163021
21 21 0.4308919416
22 21 0.3934664917
23 21 0.3540334422
24 21 0.3129399705
25 21 0.2704898798
26 21 0.2269476283
27 21 0.1825431344
28 21 0.1374771157
29 21 0.0919267782
30 21 0.0460517259
31 21 0.0000000000
-31 22 0.0000000000
-30 22 -0.0409405937
-29 22 -0.0817805927
-28 22 -0.1223788559
-27 22 -0.1625828319
-26 22 -0.2022233760
-25 22 -0.2411097698
-24 22 -0.2790250444
-23 22 -0.3157217419
-22 22 -0.3509182880
-21 22 -0.3842961976
-20 22 -0.4154983865
-19 22 -0.4441289175
-18 22 -0.4697545580
-17 22 -0.4919085679
-16 22 -0.5100971497
-15 22 -0.5238089780
-14 22 -0.5325281510
-13 22 -0.5357507704
-12 22 -0.5330051351
-11 22 -0.5238752218
-10 22 -0.5080267358
-9 22 -0.4852345526
-8 22 -0.4554099021
-7 22 -0.4186252207
-6 22 -0.3751343053
-5 22 -0.3253853373
-4 22 -0.2700245647
-3 22 -0.2098889921
-2 22 -0.1459872894
-1 22 -0.0794692267
0 22 -0.0115851284
1 22 0.0563620557
2 22 0.1230686096
3 22 0.1872819210
4 22 0.2478484432
5 22 0.3037542961
6 22 0.3541559065
7 22 0.3983991943
8 22 0.4360269961
9 22 0.4667755129
10 22 0.4905614309
11 22 0.5074619252
12 22 0.5176899751
13 22 0.5215673568
14 22 0.5194973818
15 22 0.5119390322
16 22 0.4993836639
17 22 0.4823349958
18 22 0.4612927077
19 22 0.4367396593
20 22 0.4091325216
21 22 0.3788954754
22 22 0.3464165586
23 22 0.3120462269
24 22 0.2760977097
25 22 0.2388487801
26 22 0.2005446112
27 22 0.1614014441
28 22 0.1216108452
29 22 0.0813443791
30 22 0.0407585627
31 22 0.0000000000
-31 23 0.0000000000
-30 23 -0.0358301929
-29 23 -0.0715606806
-28 23 -0.1070558223
-27 23 -0.1421702769
-26 23 -0.1767446576
-25 23 -0.2106014149
-24 23 -0.2435410487
-23 23 -0.2753387805
-22 23 -0.3057418420
-21 23 -0.3344675784
-20 23 -0.3612025943
-19 23 -0.3856032117
-18 23 -0.4072975341
-17 23 -0.4258894302
-16 23 -0.4409647424
-15 23 -0.4520999922
-14 23 -0.4588737738
-13 23 -0.4608809005
-12 23 -0.4577491786
-11 23 -0.4491584409
-10 23 -0.4348611708
-9 23 -0.4147037278
-8 23 -0.3886468601
-7 23 -0.3567839296
-6 23 -0.3193551127
-5 23 -0.2767558530
-4 23 -0.2295380537
-3 23 -0.1784029354
-2 23 -0.1241851206
-1 23 -0.0678282844
0 23 -0.0103535386
1 23 0.0471775278
2 23 0.1037026424
3 23 0.1581986523
4 23 0.2097185135
5 23 0.2574229555
6 23 0.3006048979
7 23 0.3387054506
8 23 0.3713211570
9 23 0.3982029179
10 23 0.4192476673
11 23 0.4344843126
12 23 0.4440556592
13 23 0.4481980546
14 23 0.4472203252
15 23 0.4414833163
16 23 0.4313810238
17 23 0.4173239831
18 23 0.3997252812
19 23 0.3789893154
20 23 0.3555032311
21 23 0.3296308461
22 23 0.3017087877
23 23 0.2720445337
24 23 0.2409160460
25 23 0.2085726967
26 23 0.1752372211
27 23 0.1411084647
28 23 0.1063647279
29 23 0.0711675503
30 23 0.0356658051
31 23 0.0000000000
-31 24 0.0000000000
-30 24 -0.0309073762
-29 24 -0.0617198520
-28 24 -0.0923111941
-27 24 -0.1225470571
-26 24 -0.1522813990
-25 24 -0.1813531294
-24 24 -0.2095830876
-23 24 -0.2367714691
-22 24 -0.2626958417
-21 24 -0.2871099168
-20 24 -0.3097432667
-19 24 -0.3303022008
-18 24 -0.3484720264
-17 24 -0.3639209223
-16 24 -0.3763056358
-15 24 -0.3852791720
-14 24 -0.3905005647
-13 24 -0.3916467123
-12 24 -0.3884261009
-11 24 -0.3805940528
-10 24 -0.3679689148
-9 24 -0.3504483742
-8 24 -0.3280248748
-7 24 -0.3007989431
-6 24 -0.2689891574
-5 24 -0.2329375353
-4 24 -0.1931093060
-3 24 -0.1500863683
-2 24 -0.1045542049
-1 24 -0.0572825788
0 24 -0.0091009144
1 24 0.0391302051
2 24 0.0865495970
3 24 0.1323260457
4 24 0.1756868325
5 24 0.2159423964
6 24 0.2525056969
7 24 0.2849053743
8 24 0.3127923799
9 24 0.3359403060
10 24 0.3542401111
11 24 0.3676902743
12 24 0.3763836006
13 24 0.3804919421
14 24 0.3802500244
15 24 0.3759394027
16 24 0.3678733578
17 24 0.3563833155
18 24 0.3418071510
19 24 0.3244795501
20 24 0.3047244465
21 24 0.2828494415
22 24 0.2591420354
23 24 0.2338674600
24 24 0.2072678820
25 24 0.1795627495
26 24 0.1509500697
27 24 0.1216084241
28 24 0.0916995572
29 24 0.0613713949
30 24 0.0307613762
31 24 0.0000000000
-31 25 0.0000000000
-30 25 -0.0261560551
-29 25 -0.0522252652
-28 25 -0.0780940321
-27 25 -0.1036421048
-26 25 -0.1287396774
-25 25 -0.1532447090
-24 25 -0.1770005533
-23 25 -0.1998340038
-22 25 -0.2215538732
-21 25 -0.2419502464
-20 25 -0.2607945588
-19 25 -0.2778406667
-18 25 -0.2928270779
-17 25 -0.3054805061
-16 25 -0.3155208900
-15 25 -0.3226679723
-14 25 -0.3266494703
-13 25 -0.3272107724
-12 25 -0.3241259743
-11 25 -0.3172099242
-10 25 -0.3063307859
-9 25 -0.2914224690
-8 25 -0.2724961353
-7 25 -0.2496498899
-6 25 -0.2230757376
-5 25 -0.1930629364
-4 25 -0.1599970425
-3 25 -0.1243541932
-2 25 -0.0866905212
-1 25 -0.0476269867
0 25 -0.0078303228
1 25 0.0320088475
2 25 0.0711993860
3 25 0.1090730215
4 25 0.1450062551
5 25 0.1784394517
6 25 0.2088920580
7 25 0.2359732527
8 25 0.2593877390
9 25 0.2789367880
10 25 0.2945149809
11 25 0.3061033599
12 25 0.3137598492
13 25 0.3176078665
14 25 0.3178240156
15 25 0.3146256464
16 25 0.3082589347
17 25 0.2989879679
18 25 0.2870851688
19 25 0.2728232390
20 25 0.2564686882
21 25 0.2382769153
22 25 0.2184887447
23 25 0.1973282754
24 25 0.1750018787
25 25 0.1516981756
26 25 0.1275888249
27 25 0.1028299716
28 25 0.0775642140
29 25 0.0519229716
30 25 0.0260291479
31 25 0.0000000000
-31 26 0.0000000000
-30 26 -0.0215567845
-29 26 -0.0430374280
-28 26 -0.0643435843
-27 26 -0.0853715871
-26 26 -0.1060101571
-25 26 -0.1261383070
-24 26 -0.1456235235
-23 26 -0.1643203125
-22 26 -0.1820692088
-21 26 -0.1986963589
-20 26 -0.2140137980
-19 26 -0.2278205460
-18 26 -0.2399046474
-17 26 -0.2500462670
-16 26 -0.2580219336
-15 26 -0.2636099803
-14 26 -0.2665971779
-13 26 -0.2667864779
-12 26 -0.2640056916
-11 26 -0.2581168209
-10 26 -0.2490256446
-9 26 -0.2366910524
-8 26 -0.2211335276
-7 26 -0.2024421232
-6 26 -0.1807792658
-5 26 -0.1563827811
-4 26 -0.1295646577
-3 26 -0.1007062603
-2 26 -0.0702499504
-1 26 -0.0386873572
0 26 -0.0065448219
1 26 0.0256332045
2 26 0.0573018412
3 26 0.0879334638
4 26 0.1170343250
5 26 0.1441591411
6 26 0.1689228631
7 26 0.1910091095
8 26 0.2101750164
9 26 0.2262525465
10 26 0.2391465451
11 26 0.2488300239
12 26 0.2553372792
13 26 0.2587555082
14 26 0.2592155761
15 26 0.2568825337
16 26 0.2519463898
17 26 0.2446135348
18 26 0.2350990973
19 26 0.2236204066
20 26 0.2103916416
21 26 0.1956196720
22 26 0.1795010371
23 26 0.1622199732
24 26 0.1439473745
25 26 0.1248405620
26 26 0.1050437349
27 26 0.0846889851
28 26 0.0638977613
29 26 0.0427826856
30 26 0.0214496336
31 26 0.0000000000
-31 27 0.0000000000
-30 27 -0.0170873928
-29 27 -0.0341114567
-28 27 -0.0509911702
-27 27 -0.0676414084
-26 27 -0.0839711932
-25 27 -0.0998821107
-24 27 -0.1152669586
-23 27 -0.1300086970
-22 27 -0.1439797785
-21 27 -0.1570419435
-20 27 -0.1690465725
-19 27 -0.1798356858
-18 27 -0.1892436788
-17 27 -0.1970998713
-16 27 -0.2032319241
-15 27 -0.2074701467
-14 27 -0.2096526747
-13 27 -0.2096314344
-12 27 -0.2072787455
-11 27 -0.2024943342
-10 27 -0.1952124474
-9 27 -0.1854086877
-8 27 -0.1731061272
-7 27 -0.1583802280
-6 27 -0.1413620999
-5 27 -0.1222396768
-4 27 -0.1012564855
-3 27 -0.0787078261
-2 27 -0.0549343560
-1 27 -0.0303132696
0 27 -0.0052474600
1 27 0.0198467758
2 27 0.0445527966
3 27 0.0684666824
4 27 0.0912095437
5 27 0.1124383844
6 27 0.1318549557
7 27 0.1492122151
8 27 0.1643181963
9 27 0.1770372991
10 27 0.1872891777
11 27 0.1950455537
12 27 0.2003253708
13 27 0.2031887598
14 27 0.2037302855
15 27 0.2020719145
16 27 0.1983560855
17 27 0.1927391888
18 27 0.1853856804
19 27 0.1764629825
20 27 0.1661372471
21 27 0.1545700063
22 27 0.1419156840
23 27 0.1283199134
24 27 0.1139185832
25 27 0.0988375223
26 27 0.0831927319
27 27 0.0670910740
28 27 0.0506313292
29 27 0.0339055472
30 27 0.0170006179
31 27 0.0000000000
-31 28 0.0000000000
-30 28 -0.0127235488
-29 28 -0.0253982062
-28 28 -0.0379618623
-27 28 -0.0503494227
-26 28 -0.0624915452
-25 28 -0.0743135083
-24 28 -0.0857342571
-23 28 -0.0966656815
-22 28 -0.1070121844
-21 28 -0.1166706007
-20 28 -0.1255305341
-19 28 -0.1334751727
-18 28 -0.1403826460
-17 28 -0.1461279704
-16 28 -0.1505856178
-15 28 -0.1536327129
-14 28 -0.1551528341
-13 28 -0.1550403501
-12 28 -0.1532051733
-11 28 -0.1495777614
-10 28 -0.1441141411
-9 28 -0.1368006823
-8 28 -0.1276583141
-7 28 -0.1167458567
-6 28 -0.1041621507
-5 28 -0.0900467055
-4 28 -0.0745786542
-3 28 -0.0579739044
-2 28 -0.0404804922
-1 28 -0.0223722806
0 28 -0.0039412746
1 28 0.0145110595
2 28 0.0326829974
3 28 0.0502817644
4 28 0.0670322264
5 28 0.0826845941
6 28 0.0970207492
7 28 0.1098589225
8 28 0.1210565817
9 28 0.1305115192
10 28 0.1381612536
11 28 0.1439809520
12 28 0.1479801554
13 28 0.1501986218
14 28 0.1507016125
15 28 0.1495749309
16 28 0.1469199831
17 28 0.1428490854
18 28 0.1374811880
19 28 0.1309381313
20 28 0.1233415027
21 28 0.1148101182
22 28 0.1054581222
23 28 0.0953936705
24 28 0.0847181489
25 28 0.0735258643
26 28 0.0619041460
27 28 0.0499337918
28 28 0.0376897960
29 28 0.0252423018
30 28 0.0126577250
31 28 0.0000000000
-31 29 0.0000000000
-30 29 -0.0084392734
-29 29 -0.0168452827
-28 29 -0.0251759841
-27 29 -0.0333873891
-26 29 -0.0414327471
-25 29 -0.0492618173
-24 29 -0.0568202613
-23 29 -0.0640491931
-22 29 -0.0708849242
-21 29 -0.0772589432
-20 29 -0.0830981735
-19 29 -0.0883255467
-18 29 -0.0928609315
-17 29 -0.0966224445
-16 29 -0.0995281622
-15 29 -0.1014982348
-14 29 -0.1024573791
-13 29 -0.1023377028
-12 29 -0.1010817797
-11 29 -0.0986458628
-10 29 -0.0950030888
-9 29 -0.0901464997
-8 29 -0.0840916852
-7 29 -0.0768788418
-6 29 -0.0685740527
-5 29 -0.0592696167
-4 29 -0.0490832997
-3 29 -0.0381564463
-2 29 -0.0266509599
-1 29 -0.0147452464
0 29 -0.0026292929
1 29 0.0095008741
2 29 0.0214490564
3 29 0.0330247540
4 29 0.0440487150
5 29 0.0543578682
6 29 0.0638093971
7 29 0.0722837803
8 29 0.0796867059
9 29 0.0859498488
10 29 0.0910305739
11 29 0.0949106922
12 29 0.0975944383
13 29 0.0991058683
14 29 0.0994858781
15 29 0.0987890406
16 29 0.0970804339
17 29 0.0944326070
18 29 0.0909227953
19 29 0.0866304658
20 29 0.0816352394
21 29 0.0760152128
22 29 0.0698456766
23 29 0.0631982147
24 29 0.0561401523
25 29 0.0487343175
26 29 0.0410390752
27 29 0.0331085910
28 29 0.0249932861
29 29 0.0167404430
30 29 0.0083949285
31 29 0.0000000000
-31 30 0.0000000000
-30 30 -0.0042074003
-29 30 -0.0083979572
-28 30 -0.0125504525
-27 30 -0.0166427097
-26 30 -0.0206511926
-25 30 -0.0245506493
-24 30 -0.0283138175
-23 30 -0.0319112085
-22 30 -0.0353109894
-21 30 -0.0384789836
-20 30 -0.0413788084
-19 30 -0.0439721712
-18 30 -0.0462193400
-17 30 -0.0480798029
-16 30 -0.0495131237
-15 30 -0.0504799924
-14 30 -0.0509434596
-13 30 -0.0508703279
-12 30 -0.0502326620
-11 30 -0.0490093586
-10 30 -0.0471877068
-9 30 -0.0447648510
-8 30 -0.0417490635
-7 30 -0.0381607270
-6 30 -0.0340329342
-5 30 -0.0294116232
-4 30 -0.0243551885
-3 30 -0.0189335407
-2 30 -0.0132266196
-1 30 -0.0073224084
0 30 -0.0013145319
1 30 0.0047004432
2 30 0.0106258648
3 30 0.0163678521
4 30 0.0218379997
5 30 0.0269557850
6 30 0.0316505628
7 30 0.0358630626
8 30 0.0395463415
9 30 0.0426661881
10 30 0.0452010026
11 30 0.0471412154
12 30 0.0484883230
13 30 0.0492536352
14 30 0.0494568321
15 30 0.0491244251
16 30 0.0482882068
17 30 0.0469837619
18 30 0.0452490953
19 30 0.0431234169
20 30 0.0406461091
21 30 0.0378558880
22 30 0.0347901586
23 30 0.0314845580
24 30 0.0279726703
25 30 0.0242858984
26 30 0.0204534703
27 30 0.0165025614
28 30 0.0124585128
29 30 0.0083451254
30 30 0.0041850135
31 30 0.0000000000
-31 31 0.0000000000
-30 31 0.0000000000
-29 31 0.0000000000
-28 31 0.0000000000
-27 31 0.0000000000
-26 31 0.0000000000
-25 31 0.0000000000
-24 31 0.0000000000
-23 31 0.0000000000
-22 31 0.0000000000
-21 31 0.0000000000
-20 31 0.0000000000
-19 31 0.0000000000
-18 31 0.0000000000
-17 31 0.0000000000
-16 31 0.0000000000
-15 31 0.0000000000
-14 31 0.0000000000
-13 31 0.0000000000
-12 31 0.0000000000
-11 31 0.0000000000
-10 31 0.0000000000
-9 31 0.0000000000
-8 31 0.0000000000
-7 31 0.0000000000
-6 31 0.0000000000
-5 31 0.0000000000
-4 31 0.0000000000
-3 31 0.0000000000
-2 31 0.0000000000
-1 31 0.0000000000
0 31 0.0000000000
1 31 0.0000000000
2 31 0.0000000000
3 31 0.0000000000
4 31 0.0000000000
5 31 0.0000000000
6 31 0.0000000000
7 31 0.0000000000
8 31 0.0000000000
9 31 0.0000000000
10 31 0.0000000000
11 31 0.0000000000
12 31 0.0000000000
13 31 0.0000000000
14 31 0.0000000000
15 31 0.0000000000
16 31 0.0000000000
17 31 0.0000000000
18 31 0.0000000000
19 31 0.0000000000
20 31 0.0000000000
21 31 0.0000000000
22 31 0.0000000000
23 31 0.0000000000
24 31 0.0000000000
25 31 0.0000000000
26 31 0.0000000000
27 31 0.0000000000
28 31 0.0000000000
29 31 0.0000000000
30 31 0.0000000000
31 31 0.0000000000
